********************************************************************************
STREME - Sensitive, Thorough, Rapid, Enriched Motif Elicitation
********************************************************************************
MEME version 5.5.9 (Release date: Fri Nov 21 15:33:51 2025 -0800)

For further information on how to interpret these results please access https://meme-suite.org/meme.
To get a copy of the MEME Suite software please access https://meme-suite.org.

********************************************************************************


********************************************************************************
REFERENCE
********************************************************************************
If you use this program in your research, please cite:

Timothy L. Bailey,
"STREME: accurate and versatile sequence motif discovery",
Bioinformatics, Mar. 24, 2021.
********************************************************************************


ALPHABET= ACDEFGHIKLMNPQRSTVWY

strands: +

Background letter frequencies
A 0.0622 C 0.0116 D 0.0646 E 0.0725 F 0.0433 G 0.0593 H 0.0229 I 0.0709 K 0.0682 L 0.0819 M 0.0215 N 0.0574 P 0.0361 Q 0.0308 R 0.0694 S 0.0658 T 0.0468 V 0.0727 W 0.00626 Y 0.0359 

MOTIF 1-LKKLLKKLKK STREME-1
letter-probability matrix: alength= 20 w= 10 nsites= 3606 E= 2.3e-359
 0.074221 0.114537 0.000001 0.004582 0.073304 0.066585 0.000000 0.082162 0.057422 0.280694 0.049480 0.000001 0.000000 0.010691 0.032377 0.007331 0.019243 0.034820 0.087965 0.004582
 0.036347 0.089187 0.000001 0.000306 0.060782 0.121563 0.013134 0.047648 0.269698 0.069029 0.002138 0.012523 0.072693 0.000000 0.085522 0.028406 0.013134 0.009469 0.049480 0.018937
 0.062920 0.131642 0.000001 0.003055 0.030238 0.113927 0.029627 0.047954 0.351860 0.055590 0.000000 0.000001 0.020159 0.000000 0.000001 0.051924 0.049175 0.009775 0.031154 0.010996
 0.090103 0.050702 0.000001 0.002750 0.094074 0.032377 0.000000 0.080635 0.090714 0.157910 0.009163 0.002750 0.029933 0.008247 0.054368 0.125228 0.031766 0.069029 0.070250 0.000000
 0.114233 0.079107 0.000001 0.000001 0.069639 0.116982 0.010690 0.065058 0.067196 0.270615 0.010690 0.023214 0.039707 0.000000 0.053757 0.019854 0.000001 0.039096 0.000000 0.020159
 0.032377 0.086132 0.000001 0.007331 0.061393 0.089493 0.017105 0.000001 0.305434 0.094685 0.000000 0.000001 0.029322 0.010385 0.091020 0.089798 0.023213 0.004582 0.050702 0.007025
 0.071778 0.032071 0.000001 0.010080 0.021992 0.104764 0.034514 0.014662 0.244653 0.180817 0.000000 0.026268 0.012218 0.013134 0.091631 0.030544 0.035125 0.037264 0.038485 0.000000
 0.098961 0.131642 0.000917 0.000001 0.072083 0.070556 0.000611 0.118509 0.066280 0.194867 0.000000 0.008247 0.033598 0.012523 0.000001 0.008553 0.020159 0.102016 0.060476 0.000000
 0.103237 0.119730 0.000001 0.000001 0.101710 0.111178 0.010080 0.040013 0.159437 0.155161 0.000000 0.000001 0.019243 0.000000 0.043983 0.022908 0.000001 0.067502 0.045815 0.000000
 0.032682 0.184176 0.002750 0.004582 0.058033 0.068723 0.023213 0.021687 0.350027 0.021076 0.006109 0.000001 0.023824 0.012829 0.076054 0.028712 0.012829 0.036958 0.030238 0.005498

MOTIF 2-CDADCP STREME-2
letter-probability matrix: alength= 20 w= 6 nsites= 1771 E= 1.1e-147
 0.000002 0.338824 0.023478 0.019671 0.030457 0.024747 0.016498 0.011423 0.045051 0.008251 0.001270 0.050127 0.030457 0.022208 0.052031 0.083121 0.164971 0.034899 0.007614 0.034899
 0.071700 0.024746 0.228422 0.008250 0.012691 0.121826 0.043781 0.002540 0.062817 0.022844 0.000001 0.078045 0.014594 0.031726 0.076142 0.049493 0.050127 0.040610 0.017132 0.042513
 0.130074 0.064719 0.065990 0.088832 0.045051 0.085025 0.012691 0.016499 0.090101 0.012058 0.009518 0.067259 0.021574 0.026650 0.048224 0.095811 0.049492 0.017768 0.002538 0.050127
 0.019037 0.087561 0.271568 0.045051 0.000636 0.010154 0.095176 0.003174 0.039341 0.000637 0.001904 0.032361 0.010153 0.059644 0.046955 0.038706 0.123094 0.063452 0.008249 0.043147
 0.000002 0.999339 0.000002 0.000002 0.000001 0.000002 0.000001 0.000002 0.000002 0.000002 0.000001 0.000002 0.000001 0.000001 0.000636 0.000002 0.000001 0.000002 0.000000 0.000001
 0.024113 0.029822 0.019037 0.013961 0.019671 0.000002 0.027284 0.042513 0.070431 0.064087 0.001270 0.041244 0.256974 0.071065 0.118654 0.029823 0.050761 0.072335 0.000000 0.046954

MOTIF 3-RRRRWRR STREME-3
letter-probability matrix: alength= 20 w= 7 nsites= 1921 E= 4.6e-113
 0.014774 0.055681 0.000002 0.001138 0.043750 0.088067 0.003410 0.015910 0.148294 0.086932 0.012500 0.001706 0.115907 0.000001 0.261359 0.000002 0.057386 0.010797 0.076703 0.005683
 0.061932 0.038636 0.000002 0.036364 0.007955 0.016478 0.009659 0.096022 0.046023 0.027274 0.005114 0.000001 0.138634 0.038636 0.256814 0.019887 0.027273 0.045455 0.109088 0.018750
 0.001138 0.029545 0.015342 0.013638 0.024432 0.135225 0.000001 0.017047 0.099999 0.018751 0.032954 0.015342 0.167042 0.046591 0.243746 0.035228 0.003978 0.022160 0.064771 0.013069
 0.012501 0.086362 0.018751 0.031819 0.011933 0.032387 0.000569 0.073295 0.032955 0.083523 0.001137 0.023296 0.132384 0.102839 0.219883 0.013638 0.010228 0.057387 0.017613 0.037500
 0.000570 0.086362 0.000002 0.006820 0.071022 0.008524 0.027841 0.084659 0.022728 0.075568 0.009659 0.002274 0.093180 0.022727 0.135794 0.077841 0.003978 0.024433 0.222154 0.023864
 0.048296 0.070453 0.030683 0.001138 0.026137 0.040341 0.003410 0.042046 0.055682 0.055682 0.000001 0.033523 0.081249 0.017614 0.289199 0.023296 0.044318 0.073864 0.040908 0.022159
 0.006819 0.006250 0.009092 0.000002 0.000001 0.019319 0.030682 0.026706 0.102272 0.005115 0.001137 0.009092 0.185224 0.026136 0.436923 0.009660 0.018182 0.021592 0.085225 0.000569

MOTIF 4-IJFLSLFLVV STREME-4
letter-probability matrix: alength= 20 w= 10 nsites= 968 E= 2.2e-104
 0.045035 0.000001 0.000003 0.000003 0.060045 0.000003 0.008084 0.400677 0.025406 0.187062 0.063508 0.000003 0.000002 0.003466 0.000003 0.017323 0.130481 0.058892 0.000000 0.000002
 0.000003 0.000001 0.000003 0.000003 0.050808 0.000003 0.012703 0.371810 0.049654 0.278282 0.017321 0.010395 0.016167 0.001156 0.000003 0.030025 0.013858 0.129328 0.001155 0.017322
 0.017323 0.033486 0.001158 0.001158 0.434161 0.033489 0.000001 0.028870 0.002313 0.178979 0.001156 0.055427 0.004620 0.000001 0.000003 0.127018 0.003466 0.054273 0.000000 0.023095
 0.068129 0.000001 0.000003 0.000003 0.076211 0.009240 0.008084 0.142029 0.000003 0.518455 0.000001 0.000003 0.033487 0.000001 0.000003 0.006931 0.023096 0.102770 0.000000 0.011549
 0.095841 0.019630 0.000003 0.000003 0.154729 0.000003 0.008084 0.028870 0.001158 0.084295 0.011548 0.000003 0.011549 0.000001 0.000003 0.436472 0.045035 0.072748 0.000000 0.030023
 0.046190 0.000001 0.000003 0.001158 0.036952 0.000003 0.000001 0.177824 0.000003 0.498825 0.034641 0.000003 0.047344 0.016167 0.000003 0.053118 0.013858 0.072748 0.000000 0.001156
 0.057737 0.183594 0.000003 0.000003 0.368345 0.000003 0.010393 0.042727 0.006931 0.172051 0.000001 0.000003 0.002311 0.000001 0.000003 0.046190 0.027715 0.062356 0.000000 0.019631
 0.071593 0.000001 0.005777 0.091223 0.065819 0.000003 0.027713 0.056583 0.012705 0.416843 0.031177 0.009240 0.011549 0.042725 0.012705 0.018478 0.028869 0.080831 0.000000 0.016167
 0.092377 0.035796 0.012705 0.075058 0.058891 0.016168 0.000001 0.087759 0.011550 0.113162 0.028868 0.004621 0.010394 0.073901 0.009241 0.036953 0.013858 0.318695 0.000000 0.000002
 0.187061 0.000001 0.006931 0.167432 0.000002 0.035798 0.005774 0.068129 0.011550 0.123555 0.019631 0.006931 0.020786 0.010394 0.004622 0.063511 0.066974 0.200918 0.000000 0.000002

MOTIF 5-CIYGTCR STREME-5
letter-probability matrix: alength= 20 w= 7 nsites= 627 E= 6.3e-067
 0.054447 0.239547 0.027226 0.000005 0.014521 0.034485 0.009075 0.005450 0.021782 0.001821 0.000002 0.232292 0.010891 0.056259 0.076225 0.068965 0.068964 0.000006 0.014518 0.063519
 0.058077 0.005445 0.029041 0.043559 0.072593 0.098001 0.000002 0.210516 0.050818 0.067152 0.032667 0.052632 0.032668 0.034482 0.025412 0.032670 0.010892 0.083484 0.000000 0.059889
 0.029041 0.012704 0.052632 0.027227 0.058075 0.027226 0.047185 0.083484 0.063521 0.049004 0.019964 0.112519 0.025409 0.000002 0.027226 0.072595 0.054446 0.025412 0.001815 0.210513
 0.010893 0.099812 0.019967 0.019968 0.032669 0.328473 0.052629 0.023597 0.010894 0.012709 0.005446 0.197812 0.018150 0.027223 0.021782 0.059892 0.005448 0.034486 0.014518 0.003632
 0.061706 0.001816 0.003634 0.096187 0.087111 0.052632 0.010890 0.047189 0.054448 0.043560 0.000002 0.072594 0.043557 0.016335 0.043559 0.068965 0.145183 0.067151 0.000000 0.083481
 0.000005 0.970889 0.000005 0.000005 0.000003 0.010893 0.000002 0.009079 0.000005 0.005450 0.000002 0.000004 0.003632 0.000002 0.000005 0.000005 0.000004 0.000006 0.000000 0.000003
 0.027226 0.039925 0.032670 0.054448 0.063519 0.059891 0.034482 0.065336 0.034485 0.036301 0.005446 0.047188 0.016335 0.000002 0.212330 0.029041 0.058075 0.092557 0.021777 0.068963

MOTIF 6-AGPAVGVI STREME-6
letter-probability matrix: alength= 20 w= 8 nsites= 522 E= 6.7e-046
 0.714725 0.000002 0.000010 0.003813 0.011412 0.041828 0.000004 0.019020 0.000011 0.030426 0.015210 0.007612 0.003807 0.000005 0.007614 0.003812 0.045628 0.034227 0.045621 0.015212
 0.079845 0.000002 0.011415 0.011417 0.000007 0.714725 0.000004 0.022821 0.049433 0.026625 0.000003 0.003811 0.003807 0.011410 0.011416 0.019019 0.034223 0.000012 0.000001 0.000006
 0.174887 0.003804 0.000010 0.003813 0.007610 0.064638 0.011409 0.003813 0.102656 0.022823 0.022813 0.038026 0.414389 0.011410 0.007614 0.011415 0.053231 0.038028 0.000001 0.007609
 0.733734 0.003804 0.007614 0.003813 0.003809 0.057035 0.015210 0.038028 0.003812 0.022823 0.007607 0.011414 0.003807 0.007608 0.000011 0.003812 0.022817 0.053235 0.000001 0.000006
 0.209102 0.000002 0.003812 0.003813 0.003809 0.121663 0.015210 0.121665 0.022821 0.038030 0.000003 0.000009 0.007609 0.000005 0.003813 0.041829 0.038024 0.338361 0.003803 0.026617
 0.167284 0.003804 0.064639 0.045632 0.007610 0.406789 0.000004 0.019020 0.007614 0.057038 0.000003 0.015216 0.019014 0.053228 0.011416 0.007614 0.053231 0.026623 0.011406 0.022816
 0.121664 0.019010 0.007614 0.011417 0.011412 0.129266 0.041822 0.034226 0.019019 0.015220 0.003805 0.022819 0.049428 0.003807 0.041829 0.049432 0.053231 0.326956 0.034216 0.003807
 0.159680 0.011407 0.015217 0.003813 0.026619 0.049431 0.007607 0.281335 0.015218 0.155882 0.000003 0.011414 0.026617 0.007608 0.003813 0.003812 0.026619 0.178690 0.000001 0.015212

MOTIF 7-KSCCPSTTC STREME-7
letter-probability matrix: alength= 20 w= 9 nsites= 598 E= 6.9e-041
 0.066433 0.000001 0.000005 0.026227 0.017484 0.141602 0.000002 0.073426 0.204536 0.055946 0.031468 0.082166 0.000003 0.000002 0.024479 0.078670 0.041958 0.092656 0.000000 0.062935
 0.068181 0.000001 0.000005 0.000005 0.000003 0.110136 0.022727 0.101396 0.038464 0.078672 0.047201 0.029722 0.000003 0.000002 0.000005 0.237750 0.083913 0.122374 0.000000 0.059439
 0.076922 0.326900 0.000005 0.038464 0.000003 0.057692 0.000002 0.048953 0.125870 0.043709 0.000002 0.017485 0.041958 0.000002 0.055945 0.038464 0.000003 0.076923 0.000000 0.050698
 0.068181 0.424795 0.015738 0.000005 0.000003 0.087411 0.000002 0.027975 0.125870 0.034968 0.000002 0.000004 0.000003 0.000002 0.000005 0.076922 0.000003 0.075175 0.000000 0.062935
 0.000005 0.118873 0.031471 0.047205 0.017484 0.078670 0.000002 0.129366 0.129366 0.083916 0.015735 0.052448 0.146845 0.024476 0.062938 0.000005 0.000003 0.061190 0.000000 0.000003
 0.000005 0.027971 0.064685 0.022731 0.026225 0.108388 0.000002 0.034968 0.090907 0.034968 0.000002 0.171320 0.000003 0.017483 0.012242 0.195795 0.159083 0.033220 0.000000 0.000003
 0.041960 0.000001 0.055945 0.022731 0.026225 0.180061 0.000002 0.057693 0.155588 0.027976 0.000002 0.113632 0.013988 0.000002 0.026227 0.040212 0.183556 0.005250 0.000000 0.048950
 0.090907 0.000001 0.000005 0.000005 0.000003 0.000004 0.020979 0.076923 0.155588 0.048953 0.022727 0.085662 0.000003 0.062935 0.033219 0.096152 0.187053 0.043708 0.000000 0.075172
 0.206283 0.342633 0.038463 0.000005 0.000003 0.115381 0.013987 0.024479 0.166077 0.006998 0.000002 0.000004 0.000003 0.029720 0.006998 0.015738 0.033218 0.000005 0.000000 0.000003

MOTIF 8-GIJKKI STREME-8
letter-probability matrix: alength= 20 w= 6 nsites= 707 E= 3.7e-037
 0.078559 0.000001 0.103107 0.117837 0.009822 0.265125 0.021277 0.004914 0.219302 0.019644 0.000001 0.000004 0.078557 0.000002 0.032736 0.027826 0.000003 0.000005 0.018002 0.003276
 0.040918 0.000001 0.000004 0.040919 0.063828 0.042554 0.000002 0.423871 0.044191 0.140749 0.009821 0.000004 0.014731 0.000002 0.032736 0.000004 0.000003 0.080196 0.054007 0.011458
 0.050737 0.052370 0.006551 0.000005 0.121108 0.000004 0.000002 0.242214 0.021280 0.258580 0.055644 0.006550 0.032733 0.011458 0.000005 0.057284 0.000003 0.083469 0.000000 0.000002
 0.047464 0.000001 0.044191 0.045828 0.000003 0.055647 0.000002 0.018007 0.625167 0.000006 0.000001 0.027825 0.000002 0.000002 0.000005 0.114563 0.021278 0.000005 0.000000 0.000002
 0.029462 0.086738 0.000004 0.000005 0.152202 0.013096 0.000002 0.022917 0.566251 0.000006 0.000001 0.008187 0.004912 0.000002 0.000005 0.018007 0.090013 0.008188 0.000000 0.000002
 0.000004 0.063826 0.000004 0.003278 0.085104 0.000004 0.008184 0.384594 0.000005 0.130930 0.000001 0.019643 0.000002 0.000002 0.000005 0.000004 0.000003 0.256943 0.019639 0.027824

MOTIF 9-GGGCPFN STREME-9
letter-probability matrix: alength= 20 w= 7 nsites= 368 E= 7.6e-026
 0.009016 0.000001 0.030034 0.096093 0.021024 0.354317 0.000003 0.027033 0.045048 0.096094 0.018018 0.027031 0.057054 0.030030 0.000009 0.051053 0.045045 0.000009 0.051045 0.042041
 0.036039 0.069062 0.036040 0.006014 0.156142 0.156144 0.027027 0.057059 0.021027 0.018026 0.000003 0.144133 0.003007 0.027027 0.000009 0.051053 0.009014 0.000009 0.111098 0.072068
 0.057058 0.000001 0.000008 0.000009 0.033034 0.327294 0.009011 0.030035 0.162150 0.048052 0.075068 0.033036 0.069065 0.000004 0.072072 0.057058 0.021024 0.000009 0.006006 0.000005
 0.000008 0.648569 0.000008 0.000009 0.000005 0.000007 0.000003 0.000009 0.006014 0.000010 0.102092 0.000007 0.000005 0.000004 0.024030 0.099095 0.006011 0.114109 0.000001 0.000005
 0.015021 0.000001 0.042045 0.027033 0.012016 0.036039 0.000003 0.000009 0.030035 0.015023 0.048045 0.087083 0.273244 0.063059 0.000009 0.081079 0.177161 0.000009 0.000001 0.093086
 0.018024 0.087078 0.000008 0.012020 0.174158 0.147136 0.003005 0.003012 0.000009 0.051055 0.006008 0.030033 0.096089 0.027027 0.003011 0.024029 0.066064 0.135127 0.042038 0.075070
 0.000008 0.000001 0.219200 0.012020 0.018021 0.120112 0.039037 0.003012 0.000009 0.000010 0.018018 0.252228 0.093086 0.015017 0.000009 0.006013 0.126116 0.033038 0.009009 0.036036

MOTIF 10-AKQLLES STREME-10
letter-probability matrix: alength= 20 w= 7 nsites= 208 E= 3.5e-020
 0.512081 0.000003 0.006112 0.000018 0.000011 0.012207 0.000006 0.170706 0.000017 0.158517 0.000005 0.000015 0.000009 0.000008 0.000018 0.000017 0.006108 0.128035 0.000002 0.006105
 0.000016 0.000003 0.006112 0.000018 0.000011 0.091455 0.000006 0.000018 0.426738 0.000021 0.000005 0.048783 0.000009 0.000008 0.018306 0.164609 0.006108 0.219475 0.000002 0.018297
 0.024400 0.024387 0.024400 0.158515 0.000011 0.176799 0.000006 0.000018 0.213378 0.000021 0.000005 0.091455 0.000009 0.262136 0.000018 0.006113 0.000012 0.018307 0.000002 0.000009
 0.012208 0.000003 0.012208 0.000018 0.000011 0.000015 0.000006 0.097554 0.067073 0.377973 0.018294 0.012207 0.000009 0.067064 0.000018 0.164609 0.006108 0.164611 0.000002 0.000009
 0.073168 0.000003 0.000016 0.079267 0.000011 0.000015 0.000006 0.060978 0.000017 0.323109 0.000005 0.073167 0.103641 0.000008 0.030498 0.030497 0.000012 0.152419 0.060962 0.012201
 0.164608 0.000003 0.146321 0.298723 0.000011 0.000015 0.000006 0.000018 0.018305 0.000021 0.000005 0.207279 0.000009 0.140216 0.000018 0.000017 0.024396 0.000018 0.000002 0.000009
 0.006112 0.000003 0.000016 0.018306 0.000011 0.201183 0.006102 0.054882 0.085361 0.000021 0.000005 0.000015 0.024393 0.000008 0.018306 0.524274 0.006108 0.018307 0.000002 0.036585

MOTIF 11-TCDLLS STREME-11
letter-probability matrix: alength= 20 w= 6 nsites= 206 E= 7.7e-019
 0.069147 0.000003 0.037240 0.005334 0.021281 0.000013 0.000005 0.042559 0.000015 0.111696 0.015959 0.005331 0.053188 0.000007 0.015969 0.058512 0.521171 0.042560 0.000001 0.000008
 0.000014 0.888103 0.000014 0.101057 0.000010 0.000013 0.000005 0.000016 0.000015 0.000018 0.000005 0.000013 0.000008 0.000007 0.000015 0.010651 0.000010 0.000016 0.000001 0.000008
 0.063829 0.000003 0.335046 0.196781 0.000010 0.010649 0.010641 0.021288 0.000015 0.000018 0.005323 0.000013 0.031916 0.143592 0.010651 0.063830 0.047872 0.015970 0.005319 0.037234
 0.037240 0.000003 0.069148 0.005334 0.058507 0.000013 0.000005 0.042559 0.005333 0.420138 0.000005 0.005331 0.000008 0.005325 0.079785 0.154236 0.031918 0.063832 0.010637 0.010644
 0.223368 0.026592 0.026604 0.026606 0.021281 0.037239 0.015959 0.021288 0.042559 0.313778 0.000005 0.015967 0.074460 0.138274 0.000015 0.000015 0.000010 0.015970 0.000001 0.000008
 0.000014 0.000003 0.074466 0.010652 0.031917 0.063829 0.000005 0.000016 0.010651 0.000018 0.010641 0.000013 0.000008 0.000007 0.063831 0.691351 0.010646 0.000016 0.000001 0.031916

MOTIF 12-EKLKEA STREME-12
letter-probability matrix: alength= 20 w= 6 nsites= 297 E= 1.3e-018
 0.000010 0.007408 0.177760 0.462903 0.000007 0.000009 0.000004 0.003714 0.070370 0.000013 0.003706 0.074071 0.000006 0.025927 0.040745 0.025932 0.103695 0.003714 0.000001 0.000006
 0.062963 0.044439 0.000010 0.022230 0.000007 0.059259 0.022222 0.007417 0.577699 0.125919 0.007410 0.000009 0.000006 0.000005 0.003714 0.000010 0.014820 0.048152 0.000001 0.003709
 0.048150 0.014814 0.033338 0.037043 0.037038 0.033337 0.007410 0.125917 0.022229 0.336998 0.022222 0.074071 0.011115 0.007411 0.000011 0.000010 0.025929 0.051855 0.018517 0.092584
 0.099994 0.000002 0.000010 0.029636 0.000007 0.000009 0.000004 0.022230 0.703606 0.103700 0.000003 0.000009 0.000006 0.000005 0.000011 0.003713 0.025929 0.000011 0.011110 0.000006
 0.125916 0.066658 0.029635 0.359215 0.000007 0.003712 0.000004 0.000011 0.088886 0.000013 0.000003 0.181462 0.011115 0.003708 0.074073 0.000010 0.033335 0.007417 0.014813 0.000006
 0.622136 0.000002 0.000010 0.000011 0.003710 0.000009 0.011113 0.000011 0.211089 0.062966 0.000003 0.000009 0.000006 0.000005 0.040745 0.000010 0.000007 0.000011 0.000001 0.048146

MOTIF 13-RDADEEEG STREME-13
letter-probability matrix: alength= 20 w= 8 nsites= 211 E= 8.7e-018
 0.052086 0.000003 0.088536 0.057295 0.000009 0.062499 0.000005 0.000015 0.000015 0.000018 0.000005 0.000012 0.000008 0.083322 0.578014 0.031258 0.046875 0.000016 0.000001 0.000008
 0.083329 0.000003 0.244753 0.140610 0.000009 0.182265 0.005212 0.000015 0.000015 0.000018 0.000005 0.213508 0.031251 0.020835 0.000015 0.078122 0.000010 0.000016 0.000001 0.000008
 0.572806 0.000003 0.072915 0.145817 0.000009 0.020842 0.000005 0.083331 0.000015 0.000018 0.000005 0.000012 0.000008 0.000007 0.000015 0.031258 0.072911 0.000016 0.000001 0.000008
 0.000014 0.000003 0.557185 0.265583 0.000009 0.031256 0.000005 0.000015 0.078123 0.000018 0.000005 0.067706 0.000008 0.000007 0.000015 0.000014 0.000010 0.000016 0.000001 0.000008
 0.000014 0.000003 0.104158 0.630087 0.000009 0.041670 0.000005 0.000015 0.000015 0.000018 0.000005 0.000012 0.046873 0.083322 0.000015 0.000014 0.000010 0.072917 0.000001 0.020837
 0.000014 0.000003 0.348897 0.515529 0.000009 0.000013 0.031248 0.000015 0.000015 0.104162 0.000005 0.000012 0.000008 0.000007 0.000015 0.000014 0.000010 0.000016 0.000001 0.000008
 0.104158 0.000003 0.218717 0.302033 0.000009 0.026049 0.000005 0.031259 0.046880 0.000018 0.000005 0.031256 0.000008 0.041664 0.104159 0.036465 0.031253 0.026052 0.000001 0.000008
 0.041671 0.000003 0.119780 0.114574 0.000009 0.275995 0.010419 0.000015 0.036465 0.000018 0.000005 0.083328 0.015629 0.000007 0.187474 0.000014 0.036461 0.052088 0.000001 0.026044

MOTIF 14-FLPLLAGL STREME-14
letter-probability matrix: alength= 20 w= 8 nsites= 163 E= 1.1e-015
 0.073526 0.000004 0.000020 0.029425 0.551315 0.080876 0.007358 0.014723 0.000021 0.139688 0.000007 0.051472 0.000011 0.022061 0.000021 0.000020 0.000014 0.029425 0.000002 0.000011
 0.000019 0.000004 0.014721 0.000022 0.154378 0.000018 0.000007 0.095581 0.000021 0.698340 0.007357 0.000018 0.000011 0.000009 0.000021 0.000020 0.000014 0.000022 0.029405 0.000011
 0.014720 0.000004 0.058825 0.000022 0.000013 0.242591 0.000007 0.000022 0.000021 0.000025 0.000007 0.066174 0.492507 0.000009 0.000021 0.102930 0.000014 0.000022 0.000002 0.022063
 0.191137 0.058809 0.000020 0.000022 0.088221 0.000018 0.000007 0.124983 0.000021 0.242598 0.044111 0.029420 0.000011 0.014711 0.000021 0.044124 0.029417 0.132335 0.000002 0.000011
 0.058825 0.000004 0.000020 0.000022 0.000013 0.000018 0.014708 0.301400 0.000021 0.389611 0.000007 0.000018 0.000011 0.000009 0.007372 0.014722 0.000014 0.213192 0.000002 0.000011
 0.264644 0.000004 0.029423 0.000022 0.007364 0.161733 0.000007 0.095581 0.036774 0.044129 0.000007 0.000018 0.044115 0.000009 0.000021 0.102930 0.132327 0.080880 0.000002 0.000011
 0.095578 0.000004 0.000020 0.000022 0.000013 0.374903 0.000007 0.014723 0.044125 0.000025 0.022059 0.154382 0.044115 0.000009 0.066177 0.183787 0.000014 0.000022 0.000002 0.000011
 0.205838 0.000004 0.007370 0.000022 0.000013 0.051473 0.000007 0.102931 0.000021 0.330806 0.080864 0.000018 0.000011 0.000009 0.022073 0.000020 0.000014 0.198491 0.000002 0.000011

MOTIF 15-EKIGQNIRDG STREME-15
letter-probability matrix: alength= 20 w= 10 nsites= 125 E= 1.4e-013
 0.000027 0.000005 0.010550 0.494551 0.000019 0.094721 0.000010 0.000031 0.147334 0.031601 0.000009 0.042112 0.042103 0.042100 0.084204 0.000029 0.000021 0.010554 0.000003 0.000016
 0.000027 0.000005 0.021072 0.063162 0.000019 0.052635 0.031575 0.000031 0.452463 0.000036 0.000009 0.031590 0.000016 0.010535 0.284116 0.010551 0.000021 0.042119 0.000003 0.000016
 0.178896 0.000005 0.031593 0.000032 0.052627 0.021069 0.010532 0.305160 0.042117 0.031601 0.052618 0.010547 0.000016 0.000014 0.000030 0.021072 0.010542 0.231509 0.000003 0.000016
 0.000027 0.000005 0.000028 0.000032 0.000019 0.557676 0.000010 0.052640 0.094725 0.084210 0.000009 0.000025 0.000016 0.000014 0.000030 0.000029 0.000021 0.210466 0.000003 0.000016
 0.031592 0.000005 0.042115 0.073684 0.000019 0.000026 0.000010 0.000031 0.042117 0.000036 0.000009 0.042112 0.000016 0.378794 0.336725 0.052637 0.000021 0.000032 0.000003 0.000016
 0.000027 0.000005 0.021072 0.010554 0.000019 0.094721 0.021053 0.000031 0.094725 0.052644 0.000009 0.378806 0.000016 0.000014 0.284116 0.000029 0.000021 0.031597 0.010524 0.000016
 0.000027 0.010527 0.021072 0.000032 0.000019 0.000026 0.000010 0.662898 0.052638 0.000036 0.000009 0.000025 0.000016 0.000014 0.000030 0.000029 0.042107 0.210466 0.000003 0.000016
 0.063157 0.000005 0.000028 0.000032 0.000019 0.042113 0.000010 0.010553 0.252551 0.094731 0.000009 0.052634 0.000016 0.000014 0.410377 0.000029 0.031586 0.042119 0.000003 0.000016
 0.000027 0.000005 0.589243 0.000032 0.000019 0.115765 0.000010 0.000031 0.000030 0.000036 0.000009 0.126286 0.000016 0.010535 0.126291 0.000029 0.031586 0.000032 0.000003 0.000016
 0.136809 0.000005 0.000028 0.031597 0.273583 0.399850 0.000010 0.042118 0.042117 0.063166 0.000009 0.000025 0.000016 0.000014 0.010552 0.000029 0.000021 0.000032 0.000003 0.000016

MOTIF 16-ILKFVYA STREME-16
letter-probability matrix: alength= 20 w= 7 nsites= 176 E= 1.8e-013
 0.051285 0.000003 0.012834 0.000019 0.076914 0.000016 0.000006 0.320446 0.000018 0.051290 0.000006 0.019241 0.000010 0.000008 0.000019 0.051286 0.314031 0.102556 0.000002 0.000010
 0.025651 0.000003 0.000017 0.019245 0.064097 0.115370 0.083317 0.076921 0.000018 0.371717 0.000006 0.019241 0.025644 0.000008 0.000019 0.038469 0.032055 0.115373 0.000002 0.012827
 0.000017 0.000003 0.044877 0.012836 0.012829 0.000016 0.051274 0.025653 0.506293 0.051290 0.140994 0.134595 0.000010 0.006417 0.000019 0.000018 0.006421 0.000019 0.000002 0.006418
 0.000017 0.000003 0.083328 0.000019 0.596006 0.000016 0.000006 0.064104 0.000018 0.076924 0.000006 0.038467 0.000010 0.000008 0.000019 0.000018 0.000013 0.051288 0.000002 0.089729
 0.025651 0.019229 0.000017 0.000019 0.032054 0.000016 0.000006 0.141007 0.000018 0.057699 0.032048 0.000015 0.044869 0.000008 0.006427 0.032060 0.038464 0.570380 0.000002 0.000010
 0.000017 0.083314 0.000017 0.000019 0.051280 0.000016 0.089726 0.000019 0.025652 0.000022 0.000006 0.000015 0.000010 0.000008 0.019244 0.000018 0.000013 0.000019 0.000002 0.730583
 0.314035 0.000003 0.019243 0.000019 0.019237 0.044876 0.000006 0.057696 0.038469 0.000022 0.019231 0.012832 0.006418 0.000008 0.025653 0.141006 0.038464 0.230727 0.000002 0.032052

MOTIF 17-YTSLIHGL STREME-17
letter-probability matrix: alength= 20 w= 8 nsites= 160 E= 1.3e-009
 0.072068 0.000004 0.000024 0.009033 0.000016 0.126101 0.009014 0.135111 0.000026 0.000031 0.009014 0.000022 0.000014 0.000012 0.000026 0.000025 0.063057 0.261190 0.000002 0.315210
 0.090080 0.000004 0.000024 0.000027 0.090072 0.270191 0.036031 0.000027 0.009031 0.009036 0.009014 0.000022 0.000014 0.090068 0.081077 0.000025 0.315214 0.000027 0.000002 0.000014
 0.000023 0.000004 0.000024 0.000027 0.000016 0.207152 0.081059 0.000027 0.144116 0.000031 0.000008 0.000022 0.000014 0.000012 0.072071 0.369255 0.009023 0.036050 0.000002 0.081064
 0.153119 0.000004 0.000024 0.000027 0.072061 0.207152 0.108076 0.009032 0.000026 0.369261 0.000008 0.000022 0.000014 0.000012 0.081077 0.000025 0.000018 0.000027 0.000002 0.000014
 0.018035 0.000004 0.000024 0.054061 0.000016 0.018034 0.009014 0.459313 0.000026 0.117104 0.000008 0.063061 0.009019 0.000012 0.153122 0.054058 0.000018 0.018039 0.000002 0.027030
 0.162125 0.000004 0.018036 0.000027 0.000016 0.000022 0.423273 0.000027 0.054059 0.000031 0.018019 0.000022 0.009019 0.009017 0.234172 0.009030 0.000018 0.000027 0.063042 0.000014
 0.072068 0.000004 0.009030 0.081078 0.027033 0.288202 0.000009 0.000027 0.090082 0.000031 0.009014 0.081072 0.099075 0.000012 0.000026 0.234171 0.000018 0.000027 0.000002 0.009019
 0.000023 0.063044 0.000024 0.045055 0.000016 0.144112 0.000009 0.117100 0.099087 0.369261 0.009014 0.000022 0.000014 0.000012 0.000026 0.009030 0.000018 0.144117 0.000002 0.000014

MOTIF 18-MAQISK STREME-18
letter-probability matrix: alength= 20 w= 6 nsites= 107 E= 2.1e-009
 0.000028 0.000005 0.000030 0.022001 0.000020 0.000027 0.000011 0.000032 0.000031 0.000038 0.955616 0.000026 0.000017 0.010998 0.011016 0.000030 0.000021 0.000033 0.000003 0.000016
 0.790875 0.000005 0.011014 0.011017 0.000020 0.011011 0.000011 0.000032 0.054951 0.011022 0.010994 0.011010 0.011001 0.000014 0.032984 0.011014 0.021989 0.011017 0.000003 0.000016
 0.032980 0.000005 0.011014 0.120857 0.000020 0.076915 0.043946 0.011016 0.131839 0.022005 0.000010 0.043962 0.011001 0.373469 0.032984 0.011014 0.043957 0.022001 0.000003 0.011000
 0.021996 0.000005 0.011014 0.000033 0.076908 0.000027 0.000011 0.406440 0.011015 0.087909 0.021978 0.065930 0.021985 0.000014 0.032984 0.032982 0.098877 0.087905 0.000003 0.021984
 0.043964 0.000005 0.000030 0.054953 0.032972 0.011011 0.021978 0.076920 0.065935 0.219717 0.032962 0.000026 0.065920 0.010998 0.054952 0.241678 0.011005 0.022001 0.000003 0.032968
 0.021996 0.021973 0.021998 0.022001 0.000020 0.011011 0.000011 0.032984 0.593166 0.011022 0.065914 0.043962 0.021985 0.010998 0.011016 0.032982 0.021989 0.032985 0.000003 0.021984

MOTIF 19-GCKIKGEC STREME-19
letter-probability matrix: alength= 20 w= 8 nsites= 132 E= 1.2e-008
 0.106178 0.000004 0.026563 0.044258 0.088479 0.318488 0.000008 0.000026 0.097334 0.079647 0.000008 0.000021 0.000013 0.053089 0.106181 0.070795 0.000017 0.000027 0.000002 0.008860
 0.000023 0.468858 0.000024 0.168106 0.000016 0.088485 0.061932 0.000026 0.044257 0.000030 0.000008 0.008867 0.000013 0.000011 0.035411 0.123872 0.000017 0.000027 0.000002 0.000013
 0.000023 0.000004 0.000024 0.044258 0.000016 0.026561 0.000008 0.000026 0.495417 0.106186 0.000008 0.035406 0.070784 0.088474 0.061950 0.017717 0.000017 0.044258 0.000002 0.008860
 0.035408 0.000004 0.026563 0.000027 0.053094 0.000022 0.000008 0.336185 0.070796 0.123878 0.000008 0.026560 0.035399 0.008858 0.000026 0.053102 0.008864 0.168106 0.000002 0.053091
 0.026562 0.000004 0.000024 0.000027 0.026555 0.141563 0.008855 0.053104 0.371569 0.000030 0.026547 0.000021 0.000013 0.000011 0.000026 0.115026 0.185789 0.044258 0.000002 0.000013
 0.000023 0.000004 0.000024 0.097336 0.017709 0.592723 0.026547 0.000026 0.203490 0.000030 0.008854 0.053099 0.000013 0.000011 0.000026 0.000024 0.000017 0.000027 0.000002 0.000013
 0.000023 0.000004 0.053102 0.300801 0.008862 0.185794 0.000008 0.017719 0.026564 0.000030 0.000008 0.070792 0.070784 0.044243 0.106181 0.000024 0.017710 0.097336 0.000002 0.000013
 0.026562 0.548474 0.000024 0.000027 0.017709 0.061946 0.000008 0.000026 0.123873 0.000030 0.000008 0.026560 0.000013 0.000011 0.044257 0.115026 0.035402 0.000027 0.000002 0.000013

MOTIF 20-WBTFKEL STREME-20
letter-probability matrix: alength= 20 w= 7 nsites= 99 E= 2.3e-008
 0.081386 0.000006 0.000031 0.034902 0.000021 0.023273 0.000011 0.046523 0.127878 0.174374 0.000010 0.000028 0.000018 0.092993 0.000034 0.069766 0.000023 0.034902 0.313804 0.000017
 0.000030 0.000006 0.383566 0.046524 0.000021 0.000029 0.000011 0.023279 0.000033 0.000040 0.000010 0.430052 0.000018 0.000015 0.011656 0.058143 0.046512 0.000035 0.000003 0.000017
 0.000030 0.000006 0.000031 0.000035 0.232466 0.104629 0.000011 0.023279 0.058144 0.000040 0.000010 0.023272 0.151107 0.000015 0.000034 0.000032 0.360313 0.046524 0.000003 0.000017
 0.034897 0.000006 0.000031 0.023280 0.360311 0.093007 0.034878 0.162746 0.000033 0.197618 0.000010 0.000028 0.000018 0.000015 0.000034 0.000032 0.000023 0.069769 0.000003 0.023262
 0.011652 0.000006 0.000031 0.011657 0.000021 0.000029 0.046500 0.011657 0.778725 0.011662 0.000010 0.023272 0.000018 0.000015 0.104634 0.000032 0.000023 0.000035 0.000003 0.000017
 0.000030 0.023250 0.034898 0.325459 0.000021 0.104629 0.000011 0.000034 0.209234 0.000040 0.000010 0.185984 0.000018 0.000015 0.000034 0.081388 0.023267 0.000035 0.000003 0.011640
 0.000030 0.000006 0.000031 0.000035 0.058132 0.023273 0.034878 0.081390 0.023278 0.534664 0.058122 0.000028 0.000018 0.000015 0.000034 0.000032 0.000023 0.174369 0.000003 0.011640

MOTIF 21-AGGSRQ STREME-21
letter-probability matrix: alength= 20 w= 6 nsites= 161 E= 1.2e-007
 0.485379 0.000003 0.007264 0.007266 0.036234 0.036239 0.007251 0.036242 0.028997 0.072467 0.021739 0.021750 0.014499 0.014498 0.057974 0.065218 0.050723 0.028999 0.000002 0.007255
 0.036240 0.000003 0.021752 0.014510 0.000013 0.550576 0.007251 0.057975 0.028997 0.086955 0.014495 0.036238 0.014499 0.021742 0.014509 0.028997 0.021747 0.036243 0.007246 0.000011
 0.050728 0.000003 0.014508 0.014510 0.021746 0.536088 0.021739 0.021754 0.043486 0.043490 0.014495 0.014506 0.028988 0.021742 0.014509 0.050729 0.028991 0.050731 0.000002 0.007255
 0.028996 0.014492 0.007264 0.021754 0.014501 0.036239 0.014495 0.036242 0.036242 0.057978 0.007251 0.021750 0.036232 0.007253 0.014509 0.557822 0.028991 0.043487 0.000002 0.014499
 0.043484 0.000003 0.014508 0.028999 0.007257 0.036239 0.021739 0.007266 0.079707 0.079711 0.014495 0.043482 0.057964 0.043474 0.405695 0.007264 0.043479 0.057975 0.000002 0.007255
 0.014507 0.000003 0.021752 0.036243 0.000013 0.021750 0.000007 0.028998 0.007265 0.000025 0.007251 0.000017 0.021743 0.804114 0.007265 0.014508 0.000014 0.007266 0.000002 0.007255

MOTIF 22-EEVEKRS STREME-22
letter-probability matrix: alength= 20 w= 7 nsites= 128 E= 2.1e-007
 0.069997 0.000005 0.000027 0.349884 0.000018 0.000025 0.000010 0.000030 0.119978 0.000034 0.000009 0.000024 0.020007 0.000013 0.000029 0.010023 0.169949 0.259922 0.000003 0.000015
 0.169955 0.000005 0.000027 0.659755 0.030006 0.000025 0.000010 0.000030 0.000028 0.000034 0.000009 0.059999 0.000015 0.000013 0.020021 0.050007 0.000020 0.010026 0.000003 0.000015
 0.000026 0.000005 0.000027 0.289909 0.000018 0.000025 0.000010 0.000030 0.129974 0.179959 0.039992 0.000024 0.000015 0.020004 0.010025 0.000027 0.000020 0.329893 0.000003 0.000015
 0.000026 0.000005 0.040010 0.309901 0.000018 0.000025 0.000010 0.070000 0.000028 0.020026 0.000009 0.000024 0.000015 0.289892 0.000029 0.040011 0.000020 0.229934 0.000003 0.000015
 0.209938 0.000005 0.000027 0.000030 0.000018 0.000025 0.000010 0.000030 0.779703 0.000034 0.000009 0.010020 0.000015 0.000013 0.000029 0.000027 0.000020 0.000030 0.000003 0.000015
 0.000026 0.000005 0.000027 0.000030 0.000018 0.000025 0.000010 0.119980 0.099987 0.000034 0.000009 0.050003 0.000015 0.000013 0.729724 0.000027 0.000020 0.000030 0.000003 0.000015
 0.000026 0.000005 0.000027 0.000030 0.199935 0.249920 0.000010 0.010025 0.000028 0.030022 0.000009 0.000024 0.000015 0.000013 0.010025 0.379869 0.000020 0.089993 0.000003 0.030002

MOTIF 23-ELDQIIG STREME-23
letter-probability matrix: alength= 20 w= 7 nsites= 91 E= 2.6e-007
 0.000038 0.000007 0.014523 0.622856 0.014510 0.000036 0.057950 0.029011 0.101429 0.000050 0.000013 0.000035 0.000022 0.028987 0.000042 0.086944 0.014512 0.000044 0.028972 0.000022
 0.000038 0.000007 0.000039 0.014528 0.000026 0.000036 0.000014 0.072463 0.000041 0.666313 0.130369 0.000035 0.000022 0.000019 0.000042 0.029008 0.014512 0.072464 0.000004 0.000022
 0.101426 0.000007 0.463527 0.072464 0.000026 0.000036 0.000014 0.000043 0.072461 0.014534 0.014497 0.000035 0.028990 0.144859 0.000042 0.057976 0.028996 0.000044 0.000004 0.000022
 0.072458 0.000007 0.014523 0.086948 0.000026 0.014520 0.000014 0.000043 0.115913 0.072469 0.028981 0.072455 0.028990 0.391086 0.029010 0.043492 0.014512 0.014528 0.000004 0.000022
 0.000038 0.000007 0.029007 0.029012 0.000026 0.000036 0.000014 0.695275 0.000041 0.086953 0.000013 0.014519 0.000022 0.014503 0.000042 0.000040 0.057964 0.072464 0.000004 0.000022
 0.029006 0.028975 0.057975 0.043496 0.028994 0.000036 0.000014 0.347659 0.043493 0.130405 0.000013 0.072455 0.000022 0.043471 0.000042 0.086944 0.057964 0.029012 0.000004 0.000022
 0.014522 0.000007 0.000039 0.014528 0.000026 0.767688 0.072434 0.000043 0.000041 0.000050 0.000013 0.000035 0.000022 0.014503 0.029010 0.029008 0.000028 0.057980 0.000004 0.000022

MOTIF 24-JGAVLK STREME-24
letter-probability matrix: alength= 20 w= 6 nsites= 136 E= 4.7e-007
 0.035408 0.000004 0.035409 0.000027 0.000016 0.000022 0.000008 0.345032 0.061949 0.265419 0.053086 0.000021 0.061937 0.000011 0.000026 0.000024 0.000017 0.141567 0.000002 0.000013
 0.000023 0.044236 0.000024 0.000027 0.106171 0.433490 0.000008 0.000026 0.000025 0.000030 0.000008 0.000021 0.000013 0.000011 0.115027 0.079641 0.000017 0.221184 0.000002 0.000013
 0.318489 0.000004 0.079640 0.000027 0.017709 0.000022 0.000008 0.000026 0.000025 0.000030 0.000008 0.123869 0.212324 0.000011 0.000026 0.176950 0.070788 0.000027 0.000002 0.000013
 0.168102 0.000004 0.000024 0.000027 0.000016 0.088485 0.000008 0.230030 0.106181 0.000030 0.000008 0.000021 0.000013 0.000011 0.061950 0.000024 0.000017 0.345032 0.000002 0.000013
 0.000023 0.044236 0.000024 0.000027 0.000016 0.000022 0.123857 0.212337 0.000025 0.557347 0.000008 0.000021 0.000013 0.000011 0.000026 0.000024 0.000017 0.061951 0.000002 0.000013
 0.000023 0.000004 0.017716 0.000027 0.008862 0.327335 0.008855 0.000026 0.504264 0.132725 0.000008 0.000021 0.000013 0.000011 0.000026 0.000024 0.000017 0.000027 0.000002 0.000013

MOTIF 25-LKKAVK STREME-25
letter-probability matrix: alength= 20 w= 6 nsites= 127 E= 2.9e-006
 0.120550 0.007094 0.007109 0.000021 0.049644 0.063828 0.014187 0.120553 0.035471 0.262358 0.007096 0.049648 0.021281 0.007099 0.070922 0.014200 0.035464 0.092193 0.021272 0.000011
 0.021289 0.007094 0.000019 0.007112 0.028373 0.014198 0.007097 0.000021 0.701940 0.007114 0.000006 0.028377 0.028371 0.028370 0.078012 0.014200 0.000014 0.021292 0.000002 0.007101
 0.014199 0.042544 0.028380 0.028382 0.007103 0.148910 0.007097 0.000021 0.538868 0.014204 0.000006 0.014197 0.007101 0.035460 0.000021 0.035470 0.042554 0.028382 0.000002 0.007101
 0.822470 0.000003 0.000019 0.007112 0.000013 0.000018 0.000007 0.021291 0.000020 0.000024 0.000006 0.021287 0.078002 0.000009 0.014201 0.000019 0.007104 0.028382 0.000002 0.000011
 0.134730 0.000003 0.028380 0.014202 0.028373 0.120549 0.000007 0.042562 0.085101 0.120556 0.042547 0.035467 0.007101 0.014189 0.042561 0.014200 0.063825 0.184364 0.021272 0.000011
 0.014199 0.000003 0.007109 0.007112 0.007103 0.014198 0.014187 0.007111 0.758661 0.049655 0.000006 0.014197 0.007101 0.007099 0.056741 0.007110 0.007104 0.021292 0.000002 0.000011

MOTIF 26-EWYNQTK STREME-26
letter-probability matrix: alength= 20 w= 7 nsites= 98 E= 3.2e-005
 0.000036 0.000007 0.027799 0.402586 0.041668 0.055558 0.027775 0.013922 0.097205 0.041690 0.055536 0.055557 0.000021 0.000018 0.000040 0.069442 0.111074 0.000042 0.000004 0.000021
 0.000036 0.000007 0.000037 0.000042 0.000025 0.000034 0.000013 0.000041 0.000040 0.000047 0.000012 0.000033 0.000021 0.291516 0.000040 0.000038 0.111074 0.000042 0.596880 0.000021
 0.069440 0.000007 0.000037 0.069446 0.000025 0.000034 0.000013 0.236015 0.000040 0.124975 0.041655 0.000033 0.027783 0.000018 0.027802 0.041681 0.000027 0.000042 0.055527 0.305399
 0.013917 0.000007 0.000037 0.041685 0.041668 0.000034 0.000013 0.083326 0.180490 0.111094 0.055536 0.388697 0.041663 0.000018 0.000040 0.000038 0.000027 0.041685 0.000004 0.000021
 0.027798 0.000007 0.055561 0.027804 0.041668 0.000034 0.000013 0.000041 0.138848 0.000047 0.000012 0.027795 0.041663 0.347039 0.124968 0.069442 0.069431 0.000042 0.000004 0.027782
 0.027798 0.000007 0.000037 0.000042 0.097191 0.000034 0.097179 0.041684 0.111086 0.138856 0.013893 0.000033 0.000021 0.000018 0.000040 0.000038 0.430333 0.013923 0.027765 0.000021
 0.111083 0.000007 0.000037 0.111089 0.000025 0.041677 0.000013 0.138850 0.388703 0.055571 0.055536 0.013914 0.000021 0.000018 0.013921 0.000038 0.000027 0.069446 0.000004 0.000021

MOTIF 27-JEESQE STREME-27
letter-probability matrix: alength= 20 w= 6 nsites= 87 E= 3.2e-005
 0.000036 0.000007 0.000037 0.027804 0.027787 0.041677 0.000013 0.402586 0.055563 0.249903 0.000012 0.069437 0.027783 0.013899 0.000040 0.027800 0.027789 0.000042 0.000004 0.027782
 0.013917 0.000007 0.000037 0.652442 0.013906 0.041677 0.013894 0.013922 0.041682 0.027809 0.000012 0.000033 0.027783 0.027780 0.027802 0.013919 0.041670 0.000042 0.041646 0.000021
 0.013917 0.013888 0.013918 0.610799 0.041668 0.013915 0.000013 0.027803 0.041682 0.027809 0.013893 0.027795 0.013902 0.013899 0.013921 0.041681 0.000027 0.027804 0.000004 0.041663
 0.000036 0.000007 0.013918 0.000042 0.000025 0.000034 0.000013 0.013922 0.041682 0.013928 0.000012 0.000033 0.000021 0.000018 0.000040 0.888412 0.000027 0.027804 0.000004 0.000021
 0.000036 0.000007 0.000037 0.013923 0.000025 0.000034 0.000013 0.013922 0.138848 0.000047 0.000012 0.000033 0.000021 0.763464 0.000040 0.041681 0.013908 0.000042 0.000004 0.013902
 0.055559 0.013888 0.041680 0.458110 0.013906 0.000034 0.027775 0.027803 0.000040 0.027809 0.000012 0.180484 0.069425 0.000018 0.000040 0.027800 0.027789 0.013923 0.000004 0.013902

MOTIF 28-GFSGGR STREME-28
letter-probability matrix: alength= 20 w= 6 nsites= 78 E= 3.2e-005
 0.029140 0.000005 0.000026 0.019439 0.000018 0.737589 0.009714 0.009734 0.009732 0.000033 0.000009 0.019433 0.019424 0.000012 0.038847 0.048551 0.029133 0.019439 0.000003 0.009719
 0.000025 0.000005 0.009731 0.000029 0.854040 0.019434 0.000009 0.000029 0.000028 0.000033 0.000009 0.000023 0.009719 0.000012 0.038847 0.029141 0.009724 0.019439 0.000003 0.009719
 0.009730 0.019414 0.019436 0.019439 0.058246 0.067958 0.029124 0.029143 0.009732 0.106786 0.009714 0.009728 0.048539 0.019422 0.029143 0.291171 0.126181 0.058258 0.019412 0.019424
 0.009730 0.000005 0.000026 0.009734 0.009722 0.630836 0.019419 0.009734 0.019437 0.009738 0.000009 0.019433 0.038834 0.097061 0.038847 0.038846 0.029133 0.009734 0.009707 0.000015
 0.000025 0.000005 0.000026 0.000029 0.009722 0.834637 0.009714 0.009734 0.009732 0.009738 0.009714 0.029138 0.009719 0.009717 0.000028 0.019436 0.019429 0.009734 0.009707 0.000015
 0.048549 0.009709 0.038845 0.019439 0.019427 0.067958 0.038829 0.067962 0.048552 0.077672 0.009714 0.038842 0.019424 0.019422 0.184419 0.038846 0.048543 0.116487 0.009707 0.077653

MOTIF 29-SIGNLI STREME-29
letter-probability matrix: alength= 20 w= 6 nsites= 138 E= 1.5e-004
 0.152510 0.000004 0.000023 0.000026 0.110146 0.000021 0.000008 0.000025 0.000024 0.000029 0.000008 0.000020 0.000013 0.000011 0.050854 0.457489 0.127090 0.101685 0.000002 0.000013
 0.000022 0.000004 0.000023 0.076270 0.076260 0.000021 0.000008 0.313474 0.000024 0.169461 0.000008 0.110151 0.000013 0.000011 0.000025 0.177926 0.000017 0.025440 0.000002 0.050842
 0.000022 0.000004 0.042381 0.000026 0.000015 0.482901 0.093195 0.000025 0.000024 0.000029 0.000008 0.271111 0.000013 0.093198 0.000025 0.000023 0.000017 0.000026 0.000002 0.016956
 0.000022 0.000004 0.050852 0.000026 0.000015 0.000021 0.000008 0.000025 0.084740 0.093216 0.000008 0.271111 0.118615 0.000011 0.110155 0.118625 0.000017 0.152514 0.000002 0.000013
 0.160982 0.050834 0.000023 0.000026 0.000015 0.000021 0.000008 0.025440 0.177927 0.389722 0.016951 0.000020 0.118615 0.000011 0.000025 0.000023 0.000017 0.000026 0.059303 0.000013
 0.000022 0.000004 0.203341 0.000026 0.000015 0.194867 0.127082 0.321945 0.000024 0.000029 0.000008 0.033907 0.000013 0.118613 0.000025 0.000023 0.000017 0.000026 0.000002 0.000013

MOTIF 30-BGRKJCLD STREME-30
letter-probability matrix: alength= 20 w= 8 nsites= 115 E= 3.5e-004
 0.075466 0.000005 0.264072 0.094331 0.000017 0.000023 0.000009 0.000028 0.066039 0.047183 0.000008 0.169767 0.028305 0.066024 0.122621 0.000026 0.000018 0.000029 0.000002 0.066026
 0.141478 0.000005 0.000025 0.028319 0.075459 0.414954 0.000009 0.000028 0.066039 0.037753 0.000008 0.028313 0.000014 0.009442 0.056609 0.000026 0.037739 0.000029 0.009433 0.094317
 0.009455 0.000005 0.056607 0.037750 0.000017 0.066035 0.000009 0.122621 0.094329 0.000032 0.028299 0.047174 0.018875 0.056594 0.216923 0.122619 0.028309 0.047180 0.000002 0.047165
 0.028315 0.000005 0.028316 0.113192 0.018878 0.000023 0.009439 0.037749 0.414958 0.066044 0.000008 0.047174 0.000014 0.037733 0.075469 0.009456 0.056600 0.000029 0.000002 0.056596
 0.009455 0.047156 0.000025 0.094331 0.000017 0.018884 0.000009 0.311226 0.000027 0.179207 0.000008 0.000023 0.000014 0.028303 0.122621 0.037747 0.000018 0.084901 0.000002 0.066026
 0.000024 0.792146 0.000025 0.018889 0.000017 0.056605 0.000009 0.103761 0.000027 0.000032 0.000008 0.000023 0.000014 0.000012 0.009458 0.000026 0.000018 0.018889 0.000002 0.000014
 0.122618 0.000005 0.000025 0.132052 0.084889 0.103756 0.000009 0.047179 0.075469 0.235788 0.037729 0.056604 0.000014 0.028303 0.000027 0.075468 0.000018 0.000029 0.000002 0.000014
 0.000024 0.000005 0.443247 0.000029 0.000017 0.018884 0.000009 0.000028 0.084899 0.000032 0.028299 0.132046 0.000014 0.000012 0.084900 0.094328 0.037739 0.028319 0.000002 0.047165

MOTIF 31-QQEKNE STREME-31
letter-probability matrix: alength= 20 w= 6 nsites= 91 E= 3.5e-004
 0.000031 0.000006 0.000032 0.000036 0.000021 0.000029 0.000011 0.000035 0.000034 0.000041 0.000011 0.000029 0.000018 0.904328 0.000034 0.000033 0.095214 0.000036 0.000003 0.000018
 0.000031 0.000006 0.000032 0.000036 0.000021 0.000029 0.000011 0.059529 0.130921 0.035737 0.047606 0.000029 0.000018 0.547362 0.130922 0.000033 0.000023 0.000036 0.000003 0.047613
 0.000031 0.000006 0.035729 0.309406 0.000021 0.071423 0.000011 0.000035 0.249910 0.059535 0.000011 0.000029 0.000018 0.071408 0.190416 0.000033 0.011922 0.000036 0.000003 0.000018
 0.023829 0.000006 0.000032 0.047631 0.154707 0.000029 0.000011 0.000035 0.487887 0.000041 0.000011 0.119017 0.000018 0.071408 0.095225 0.000033 0.000023 0.000036 0.000003 0.000018
 0.000031 0.000006 0.059526 0.000036 0.000021 0.000029 0.000011 0.000035 0.000034 0.000041 0.000011 0.654465 0.000018 0.083307 0.000034 0.000033 0.000023 0.000036 0.000003 0.202298
 0.000031 0.011905 0.000032 0.440294 0.000021 0.000029 0.000011 0.023833 0.059528 0.095231 0.237988 0.000029 0.035714 0.059510 0.000034 0.000033 0.000023 0.000036 0.000003 0.035714

MOTIF 32-VVAATY STREME-32
letter-probability matrix: alength= 20 w= 6 nsites= 90 E= 3.5e-004
 0.119019 0.000006 0.000032 0.000036 0.000021 0.000029 0.023809 0.059529 0.083326 0.095231 0.000011 0.083320 0.011917 0.000015 0.000034 0.000033 0.059517 0.464091 0.000003 0.000018
 0.047626 0.000006 0.071425 0.095227 0.011920 0.000029 0.000011 0.011934 0.023832 0.059535 0.011910 0.095219 0.154703 0.047611 0.011933 0.000033 0.000023 0.357002 0.000003 0.000018
 0.523580 0.047601 0.000032 0.000036 0.000021 0.190411 0.000011 0.000035 0.011933 0.047636 0.000011 0.011927 0.000018 0.000015 0.000034 0.107122 0.011922 0.047631 0.000003 0.000018
 0.713962 0.000006 0.011931 0.000036 0.000021 0.214209 0.000011 0.000035 0.000034 0.011940 0.000011 0.000029 0.000018 0.000015 0.000034 0.035729 0.000023 0.000036 0.011902 0.000018
 0.190412 0.000006 0.000032 0.000036 0.011920 0.000029 0.000011 0.000035 0.035730 0.047636 0.000011 0.000029 0.000018 0.000015 0.000034 0.000033 0.713954 0.000036 0.000003 0.000018
 0.190412 0.000006 0.000032 0.011935 0.000021 0.023827 0.000011 0.000035 0.083326 0.000041 0.000011 0.059523 0.000018 0.000015 0.047630 0.000033 0.000023 0.000036 0.000003 0.583062

MOTIF 33-EEKREL STREME-33
letter-probability matrix: alength= 20 w= 6 nsites= 58 E= 3.5e-004
 0.000052 0.000010 0.000054 0.699477 0.000036 0.000049 0.000019 0.079992 0.060007 0.000068 0.000018 0.000048 0.159897 0.000026 0.000058 0.000055 0.000039 0.000061 0.000005 0.000030
 0.000052 0.000010 0.000054 0.659510 0.000036 0.000049 0.000019 0.000059 0.079990 0.000068 0.079951 0.000048 0.000030 0.000026 0.079991 0.000055 0.099956 0.000061 0.000005 0.000030
 0.000052 0.000010 0.000054 0.000060 0.000036 0.000049 0.020002 0.000059 0.679490 0.000068 0.000018 0.000048 0.000030 0.000026 0.000058 0.119955 0.179889 0.000061 0.000005 0.000030
 0.000052 0.059960 0.000054 0.000060 0.159903 0.040016 0.000019 0.000059 0.099973 0.000068 0.000018 0.000048 0.000030 0.000026 0.479658 0.159921 0.000039 0.000061 0.000005 0.000030
 0.159918 0.000010 0.000054 0.279827 0.000036 0.139933 0.000019 0.060009 0.000057 0.119968 0.079951 0.000048 0.000030 0.039992 0.000058 0.000055 0.119939 0.000061 0.000005 0.000030
 0.000052 0.119910 0.060004 0.219877 0.000036 0.020033 0.000019 0.000059 0.000057 0.299818 0.000018 0.239848 0.000030 0.000026 0.000058 0.000055 0.040006 0.000061 0.000005 0.000030

MOTIF 34-EELDKY STREME-34
letter-probability matrix: alength= 20 w= 6 nsites= 37 E= 3.5e-004
 0.000113 0.000021 0.000117 0.520926 0.000078 0.000107 0.000042 0.000128 0.000124 0.043548 0.000039 0.130303 0.000065 0.217053 0.000126 0.000119 0.000085 0.000132 0.000011 0.086864
 0.000113 0.000021 0.000117 0.651124 0.000078 0.000107 0.000042 0.000128 0.000124 0.173746 0.000039 0.000104 0.000065 0.000056 0.000126 0.000119 0.000085 0.000132 0.000011 0.173663
 0.000113 0.000021 0.043516 0.043531 0.000078 0.000107 0.000042 0.000128 0.000124 0.781340 0.000039 0.043503 0.000065 0.000056 0.000126 0.000119 0.000085 0.086931 0.000011 0.000065
 0.130311 0.000021 0.520911 0.000131 0.000078 0.000107 0.000042 0.000128 0.130322 0.000148 0.000039 0.086903 0.000065 0.000056 0.130324 0.000119 0.000085 0.000132 0.000011 0.000065
 0.000113 0.000021 0.000117 0.000131 0.000078 0.000107 0.000042 0.043528 0.694516 0.000148 0.000039 0.086903 0.000065 0.000056 0.173724 0.000119 0.000085 0.000132 0.000011 0.000065
 0.000113 0.000021 0.000117 0.086930 0.000078 0.000107 0.000042 0.000128 0.000124 0.043548 0.000039 0.000104 0.000065 0.000056 0.000126 0.130318 0.000085 0.173730 0.000011 0.564259

MOTIF 35-KIEEYT STREME-35
letter-probability matrix: alength= 20 w= 6 nsites= 33 E= 3.5e-004
 0.005653 0.001052 0.005872 0.006594 0.003933 0.005391 0.002085 0.006445 0.915292 0.007447 0.001958 0.005219 0.003285 0.002796 0.006307 0.005981 0.004251 0.006605 0.000569 0.003266
 0.005653 0.001052 0.005872 0.006594 0.003933 0.005391 0.002085 0.915535 0.006201 0.007447 0.001958 0.005219 0.003285 0.002796 0.006307 0.005981 0.004251 0.006605 0.000569 0.003266
 0.005653 0.001052 0.005872 0.915685 0.003933 0.005391 0.002085 0.006445 0.006201 0.007447 0.001958 0.005219 0.003285 0.002796 0.006307 0.005981 0.004251 0.006605 0.000569 0.003266
 0.005653 0.001052 0.005872 0.915685 0.003933 0.005391 0.002085 0.006445 0.006201 0.007447 0.001958 0.005219 0.003285 0.002796 0.006307 0.005981 0.004251 0.006605 0.000569 0.003266
 0.005653 0.001052 0.005872 0.006594 0.003933 0.005391 0.002085 0.006445 0.006201 0.007447 0.001958 0.005219 0.003285 0.002796 0.006307 0.005981 0.004251 0.006605 0.000569 0.912357
 0.005653 0.001052 0.005872 0.006594 0.003933 0.005391 0.002085 0.006445 0.006201 0.007447 0.001958 0.005219 0.003285 0.002796 0.006307 0.005981 0.913342 0.006605 0.000569 0.003266

MOTIF 36-LLQLLK STREME-36
letter-probability matrix: alength= 20 w= 6 nsites= 137 E= 9.3e-004
 0.000020 0.000004 0.000021 0.054269 0.000014 0.000019 0.000007 0.069768 0.007771 0.852464 0.000007 0.000019 0.000012 0.000010 0.007772 0.007771 0.000015 0.000023 0.000002 0.000012
 0.000020 0.000004 0.000021 0.054269 0.023262 0.093012 0.054253 0.000023 0.023270 0.464992 0.000007 0.054265 0.046508 0.100753 0.015521 0.000021 0.031013 0.000023 0.023250 0.015510
 0.054266 0.015503 0.116262 0.186010 0.015513 0.069764 0.000007 0.007772 0.000022 0.015525 0.000007 0.000019 0.000012 0.278989 0.155011 0.000021 0.046512 0.007773 0.015501 0.015510
 0.000020 0.000004 0.000021 0.038771 0.000014 0.000019 0.000007 0.031021 0.046519 0.666478 0.000007 0.000019 0.000012 0.015509 0.093016 0.038768 0.031013 0.000023 0.000002 0.038759
 0.000020 0.000004 0.085265 0.015522 0.031012 0.077513 0.023256 0.046520 0.000022 0.604482 0.000007 0.000019 0.000012 0.116251 0.000022 0.000021 0.000015 0.000023 0.000002 0.000012
 0.054266 0.000004 0.000021 0.000023 0.054260 0.139509 0.000007 0.000023 0.488236 0.062022 0.038754 0.000019 0.069757 0.000010 0.038770 0.031019 0.000015 0.023272 0.000002 0.000012

MOTIF 37-KVKLIK STREME-37
letter-probability matrix: alength= 20 w= 6 nsites= 104 E= 1.9e-003
 0.000034 0.000006 0.038975 0.000039 0.000023 0.013012 0.000012 0.000038 0.817776 0.026004 0.025972 0.000031 0.013000 0.000017 0.013018 0.025996 0.000025 0.025999 0.000003 0.000019
 0.000034 0.000006 0.025995 0.013019 0.000023 0.051952 0.025972 0.013018 0.038977 0.090904 0.012992 0.025991 0.064919 0.025977 0.090897 0.051956 0.038965 0.428379 0.000003 0.000019
 0.000034 0.000006 0.000035 0.000039 0.000023 0.000032 0.000012 0.038978 0.895655 0.013024 0.000012 0.000031 0.000020 0.025977 0.000038 0.013016 0.013005 0.000039 0.000003 0.000019
 0.013014 0.000006 0.000035 0.025999 0.025983 0.077912 0.025972 0.038978 0.129837 0.480304 0.012992 0.051951 0.025980 0.000017 0.025998 0.025996 0.000025 0.000039 0.012983 0.025979
 0.025994 0.012986 0.025995 0.025999 0.038963 0.025992 0.025972 0.389438 0.077917 0.026004 0.012992 0.038971 0.038960 0.012997 0.064937 0.051956 0.038965 0.051959 0.000003 0.012999
 0.000034 0.000006 0.000035 0.013019 0.013003 0.000032 0.000012 0.000038 0.934595 0.013024 0.000012 0.000031 0.025980 0.000017 0.000038 0.000036 0.000025 0.000039 0.000003 0.000019

MOTIF 38-LQLTVWG STREME-38
letter-probability matrix: alength= 20 w= 7 nsites= 76 E= 3.9e-003
 0.043490 0.072427 0.000039 0.043496 0.000026 0.000036 0.043466 0.000043 0.029009 0.434569 0.000013 0.029003 0.000022 0.101407 0.029010 0.014524 0.014512 0.144884 0.000004 0.000022
 0.029006 0.000007 0.029007 0.101432 0.086930 0.101424 0.014498 0.000043 0.043493 0.086953 0.014497 0.000035 0.000022 0.391086 0.014526 0.000040 0.014512 0.043496 0.000004 0.028990
 0.072458 0.000007 0.043491 0.000044 0.014510 0.043488 0.014498 0.000043 0.014525 0.622861 0.000013 0.043487 0.000022 0.014503 0.029010 0.000040 0.000028 0.086948 0.000004 0.000022
 0.101426 0.000007 0.057975 0.072464 0.043478 0.029004 0.000014 0.043495 0.043493 0.014534 0.014497 0.043487 0.014506 0.057955 0.014526 0.043492 0.362128 0.043496 0.000004 0.000022
 0.101426 0.000007 0.000039 0.057980 0.014510 0.043488 0.000014 0.014527 0.086945 0.130405 0.000013 0.000035 0.000022 0.014503 0.086946 0.014524 0.000028 0.434564 0.000004 0.000022
 0.000038 0.000007 0.014523 0.014528 0.000026 0.057972 0.000014 0.000043 0.014525 0.072469 0.000013 0.000035 0.000022 0.000019 0.115914 0.014524 0.000028 0.029012 0.666268 0.000022
 0.029006 0.000007 0.057975 0.057980 0.000026 0.579396 0.000014 0.014527 0.014525 0.086953 0.043465 0.086939 0.000022 0.000019 0.014526 0.000040 0.000028 0.014528 0.000004 0.000022

MOTIF 39-VYRNGVR STREME-39
letter-probability matrix: alength= 20 w= 7 nsites= 61 E= 3.9e-003
 0.232016 0.107072 0.000048 0.000054 0.000032 0.053576 0.000017 0.000053 0.000051 0.000061 0.000016 0.000043 0.000027 0.000023 0.000052 0.160644 0.000035 0.321243 0.000005 0.124934
 0.000046 0.000009 0.000048 0.000054 0.000032 0.000044 0.000017 0.017897 0.160645 0.000061 0.000016 0.000043 0.000027 0.017867 0.142802 0.107112 0.071410 0.017898 0.000005 0.463967
 0.000046 0.000009 0.000048 0.000054 0.000032 0.160639 0.000017 0.000053 0.107114 0.000061 0.000016 0.000043 0.017871 0.000023 0.517523 0.160644 0.000035 0.035742 0.000005 0.000027
 0.000046 0.000009 0.000048 0.000054 0.000032 0.000044 0.000017 0.000053 0.017895 0.000061 0.000016 0.856547 0.017871 0.000023 0.000052 0.000049 0.107098 0.000054 0.000005 0.000027
 0.035734 0.000009 0.000048 0.089273 0.053564 0.785173 0.000017 0.000053 0.000051 0.000061 0.000016 0.000043 0.000027 0.000023 0.017896 0.017893 0.000035 0.000054 0.000005 0.000027
 0.071422 0.000009 0.017892 0.053586 0.035720 0.053576 0.017861 0.035740 0.089270 0.232031 0.000016 0.000043 0.000027 0.000023 0.000052 0.000049 0.000035 0.392619 0.000005 0.000027
 0.000046 0.000009 0.000048 0.000054 0.000032 0.000044 0.053549 0.000053 0.000051 0.000061 0.000016 0.000043 0.107090 0.000023 0.624586 0.017893 0.089254 0.000054 0.000005 0.107090

MOTIF 40-HHHHHHG STREME-40
letter-probability matrix: alength= 20 w= 7 nsites= 63 E= 4.3e-002
 0.000044 0.000008 0.000046 0.000051 0.033905 0.000042 0.355697 0.000050 0.033923 0.000058 0.000015 0.000041 0.000026 0.169393 0.118609 0.287978 0.000033 0.000051 0.000004 0.000025
 0.135541 0.000008 0.067794 0.000051 0.000031 0.152476 0.406508 0.000050 0.084734 0.000058 0.000015 0.000041 0.000026 0.000022 0.152484 0.000046 0.000033 0.000051 0.000004 0.000025
 0.000044 0.033883 0.000046 0.101674 0.000031 0.152476 0.321823 0.000050 0.084734 0.000058 0.000015 0.000041 0.050837 0.000022 0.084735 0.000046 0.050845 0.118612 0.000004 0.000025
 0.000044 0.000008 0.000046 0.000051 0.000031 0.000042 0.457320 0.000050 0.203294 0.067807 0.000015 0.000041 0.000026 0.000022 0.203295 0.000046 0.000033 0.067800 0.000004 0.000025
 0.000044 0.000008 0.000046 0.016988 0.169402 0.000042 0.508131 0.101673 0.000048 0.000058 0.000015 0.000041 0.000026 0.000022 0.067798 0.033921 0.000033 0.050863 0.000004 0.050837
 0.016981 0.118568 0.000046 0.000051 0.016968 0.135539 0.389571 0.000050 0.000048 0.169430 0.000015 0.000041 0.067774 0.000022 0.000049 0.000046 0.000033 0.016989 0.000004 0.067774
 0.000044 0.000008 0.050857 0.186360 0.000031 0.304911 0.304885 0.000050 0.000048 0.000058 0.000015 0.000041 0.000026 0.000022 0.152484 0.000046 0.000033 0.000051 0.000004 0.000025

MOTIF 41-AITKKC STREME-41
letter-probability matrix: alength= 20 w= 6 nsites= 46 E= 4.3e-002
 0.461112 0.000012 0.000069 0.025691 0.076887 0.000063 0.000025 0.000076 0.128141 0.153769 0.000023 0.000061 0.000039 0.000033 0.000074 0.051298 0.051277 0.051305 0.000007 0.000038
 0.000066 0.000012 0.025683 0.000078 0.000046 0.000063 0.025638 0.589189 0.000073 0.000088 0.000023 0.000061 0.076879 0.000033 0.000074 0.025684 0.076891 0.179373 0.000007 0.000038
 0.000066 0.000012 0.000069 0.000078 0.000046 0.000063 0.000025 0.076917 0.000073 0.000088 0.000023 0.000061 0.000039 0.000033 0.000074 0.000070 0.870913 0.000078 0.000007 0.051266
 0.000066 0.000012 0.000069 0.000078 0.000046 0.000063 0.000025 0.025689 0.794095 0.000088 0.000023 0.000061 0.025652 0.000033 0.153756 0.000070 0.000050 0.000078 0.000007 0.000038
 0.000066 0.000012 0.000069 0.000078 0.000046 0.000063 0.000025 0.076917 0.819709 0.000088 0.000023 0.000061 0.000039 0.000033 0.102529 0.000070 0.000050 0.000078 0.000007 0.000038
 0.025680 0.819648 0.000069 0.000078 0.025660 0.000063 0.000025 0.000076 0.051300 0.000088 0.000023 0.000061 0.051266 0.000033 0.000074 0.000070 0.025664 0.000078 0.000007 0.000038

MOTIF 42-LFDLDVV STREME-42
letter-probability matrix: alength= 20 w= 7 nsites= 34 E= 4.3e-002
 0.071415 0.035678 0.285385 0.000108 0.000064 0.142733 0.000034 0.035767 0.000102 0.285411 0.071354 0.000085 0.000054 0.000046 0.000103 0.000098 0.000070 0.071430 0.000009 0.000053
 0.000093 0.000017 0.000096 0.035769 0.534981 0.000088 0.000034 0.107089 0.035763 0.178428 0.035693 0.071408 0.000054 0.000046 0.000103 0.000098 0.000070 0.000108 0.000009 0.000053
 0.000093 0.000017 0.784641 0.000108 0.000064 0.035749 0.000034 0.000105 0.035763 0.000122 0.000032 0.142730 0.000054 0.000046 0.000103 0.000098 0.000070 0.000108 0.000009 0.000053
 0.000093 0.000017 0.000096 0.000108 0.000064 0.000088 0.000034 0.000105 0.000102 0.820328 0.035693 0.000085 0.107037 0.000046 0.000103 0.000098 0.000070 0.000108 0.000009 0.035715
 0.000093 0.000017 0.641997 0.178414 0.000064 0.000088 0.000034 0.000105 0.000102 0.000122 0.000032 0.000085 0.000054 0.000046 0.000103 0.178404 0.000070 0.000108 0.000009 0.000053
 0.000093 0.000017 0.000096 0.000108 0.000064 0.000088 0.000034 0.285395 0.000102 0.249750 0.000032 0.035747 0.000054 0.000046 0.000103 0.000098 0.000070 0.428042 0.000009 0.000053
 0.000093 0.000017 0.000096 0.035769 0.000064 0.035749 0.000034 0.000105 0.178407 0.000122 0.000032 0.000085 0.000054 0.178351 0.142748 0.000098 0.000070 0.285397 0.000009 0.142698

MOTIF 43-NYWILEY STREME-43
letter-probability matrix: alength= 20 w= 7 nsites= 80 E= 1.6e-001
 0.049510 0.039592 0.000027 0.098999 0.009915 0.069303 0.000009 0.188070 0.000028 0.099003 0.000009 0.316725 0.000015 0.000013 0.049513 0.000027 0.079195 0.000030 0.000003 0.000015
 0.009923 0.000005 0.079202 0.069308 0.000018 0.000024 0.000009 0.059411 0.039616 0.000034 0.029700 0.188065 0.049499 0.039600 0.059410 0.049512 0.000019 0.000030 0.019796 0.306819
 0.000026 0.000005 0.000027 0.197968 0.000018 0.000024 0.000009 0.000029 0.000028 0.000034 0.000009 0.000024 0.000015 0.000013 0.000029 0.000027 0.000019 0.000030 0.801652 0.000015
 0.039613 0.000005 0.009924 0.000030 0.000018 0.029715 0.009906 0.306833 0.118791 0.099003 0.000009 0.019818 0.049499 0.089085 0.059410 0.000027 0.069298 0.098999 0.000003 0.000015
 0.168273 0.000005 0.000027 0.000030 0.029709 0.069303 0.000009 0.000029 0.197966 0.247456 0.000009 0.059405 0.000015 0.079188 0.000029 0.000027 0.128679 0.019824 0.000003 0.000015
 0.108892 0.000005 0.029717 0.316731 0.000018 0.009921 0.069288 0.059411 0.049513 0.089106 0.000009 0.079199 0.059396 0.049497 0.039616 0.039615 0.000019 0.000030 0.000003 0.000015
 0.049510 0.000005 0.059408 0.000030 0.000018 0.158375 0.029700 0.000029 0.029719 0.059415 0.059390 0.000024 0.029706 0.049497 0.069307 0.059409 0.049504 0.009927 0.029693 0.257334

MOTIF 44-FIKHFIHR STREME-44
letter-probability matrix: alength= 20 w= 8 nsites= 80 E= 4.7e-001
 0.015655 0.000008 0.015657 0.015662 0.406013 0.218646 0.062474 0.000046 0.000044 0.000053 0.046858 0.000037 0.078098 0.093709 0.000045 0.000043 0.046875 0.000047 0.000004 0.000023
 0.078115 0.000008 0.000042 0.203040 0.015643 0.062498 0.015630 0.437261 0.000044 0.046898 0.000014 0.000037 0.109327 0.000020 0.000045 0.000043 0.000030 0.000047 0.031234 0.000023
 0.000041 0.000008 0.000042 0.000047 0.093717 0.000039 0.187393 0.000046 0.437259 0.171816 0.000014 0.015652 0.046868 0.000020 0.000045 0.000043 0.000030 0.031277 0.015619 0.000023
 0.000041 0.000008 0.000042 0.000047 0.015643 0.093728 0.593378 0.031276 0.109348 0.000053 0.000014 0.000037 0.031253 0.093709 0.000045 0.000043 0.015645 0.000047 0.000004 0.015638
 0.000041 0.000008 0.000042 0.000047 0.343554 0.000039 0.171778 0.218654 0.000044 0.000053 0.000014 0.000037 0.093712 0.000020 0.124964 0.000043 0.000030 0.000047 0.000004 0.046868
 0.000041 0.062467 0.000042 0.000047 0.093717 0.093728 0.031245 0.406031 0.031274 0.093742 0.000014 0.000037 0.000024 0.000020 0.000045 0.124961 0.046875 0.000047 0.015619 0.000023
 0.000041 0.031237 0.000042 0.000047 0.109332 0.156187 0.390385 0.000046 0.000044 0.000053 0.000014 0.000037 0.000024 0.000020 0.093734 0.046887 0.062490 0.109351 0.000004 0.000023
 0.078115 0.093696 0.000042 0.000047 0.015643 0.187416 0.000015 0.031276 0.000044 0.000053 0.015629 0.062497 0.000024 0.000020 0.421645 0.000043 0.046875 0.015662 0.015619 0.015638

MOTIF 45-VPSVIGAV STREME-45
letter-probability matrix: alength= 20 w= 8 nsites= 69 E= 4.7e-001
 0.000039 0.000007 0.000041 0.000046 0.000027 0.000037 0.000014 0.318026 0.000043 0.166613 0.000014 0.000036 0.000023 0.000019 0.000044 0.000042 0.000030 0.514872 0.000004 0.000023
 0.060607 0.000007 0.000041 0.090897 0.000027 0.257450 0.000014 0.000045 0.060611 0.000052 0.000014 0.000036 0.439139 0.075729 0.000044 0.015184 0.000030 0.000046 0.000004 0.000023
 0.030323 0.000007 0.045467 0.015188 0.000027 0.166599 0.166576 0.000045 0.000043 0.000052 0.000014 0.000036 0.000023 0.030303 0.000044 0.378590 0.166591 0.000046 0.000004 0.000023
 0.075749 0.000007 0.000041 0.000046 0.000027 0.015179 0.000014 0.060613 0.000043 0.257465 0.000014 0.000036 0.106016 0.000019 0.000044 0.000042 0.000030 0.469446 0.000004 0.015165
 0.000039 0.045433 0.015183 0.000046 0.166589 0.121173 0.045440 0.378593 0.000043 0.000052 0.000014 0.000036 0.000023 0.000019 0.000044 0.015184 0.000030 0.196891 0.000004 0.015165
 0.000039 0.106001 0.000041 0.000046 0.000027 0.242309 0.106008 0.000045 0.030327 0.000052 0.000014 0.151456 0.030307 0.000019 0.000044 0.181745 0.075739 0.075756 0.000004 0.000023
 0.287736 0.000007 0.000041 0.000046 0.000027 0.000037 0.030298 0.000045 0.151463 0.181755 0.060581 0.030320 0.015165 0.000019 0.015186 0.196887 0.000030 0.000046 0.030288 0.000023
 0.090891 0.045433 0.000041 0.000046 0.166589 0.015179 0.000014 0.227174 0.000043 0.121187 0.000014 0.015178 0.000023 0.000019 0.000044 0.000042 0.000030 0.318027 0.000004 0.000023

MOTIF 46-GQAASI STREME-46
letter-probability matrix: alength= 20 w= 6 nsites= 68 E= 4.7e-001
 0.169162 0.000007 0.000041 0.000047 0.030777 0.538154 0.000015 0.000045 0.000044 0.000053 0.000014 0.076911 0.000023 0.092268 0.000045 0.061541 0.000030 0.030796 0.000004 0.000023
 0.230661 0.000007 0.000041 0.246042 0.000028 0.000038 0.000015 0.000045 0.000044 0.000053 0.000014 0.000037 0.000023 0.522761 0.000045 0.000042 0.000030 0.000047 0.000004 0.000023
 0.784152 0.000007 0.000041 0.000047 0.000028 0.215284 0.000015 0.000045 0.000044 0.000053 0.000014 0.000037 0.000023 0.000020 0.000045 0.000042 0.000030 0.000047 0.000004 0.000023
 0.230661 0.000007 0.000041 0.030796 0.000028 0.030788 0.000015 0.000045 0.000044 0.000053 0.000014 0.000037 0.000023 0.199891 0.000045 0.184539 0.199902 0.030796 0.000004 0.092272
 0.153787 0.000007 0.000041 0.000047 0.000028 0.153785 0.000015 0.000045 0.000044 0.000053 0.000014 0.000037 0.107646 0.092268 0.000045 0.445910 0.046154 0.000047 0.000004 0.000023
 0.000040 0.015382 0.000041 0.000047 0.076901 0.000038 0.000015 0.261416 0.076917 0.169175 0.061513 0.000037 0.000023 0.000020 0.000045 0.261413 0.000030 0.076920 0.000004 0.000023

MOTIF 47-YKRKFL STREME-47
letter-probability matrix: alength= 20 w= 6 nsites= 66 E= 4.7e-001
 0.000047 0.000009 0.000049 0.000055 0.000033 0.181725 0.000017 0.000054 0.000052 0.000062 0.000016 0.000044 0.000027 0.000023 0.090893 0.109058 0.145380 0.145399 0.018173 0.308884
 0.163559 0.000009 0.000049 0.000055 0.000033 0.000045 0.000017 0.000054 0.617765 0.018230 0.000016 0.054548 0.000027 0.000023 0.000053 0.000050 0.036372 0.000055 0.018173 0.090867
 0.000047 0.000009 0.054553 0.018223 0.000033 0.199893 0.000017 0.000054 0.199900 0.000062 0.000016 0.000044 0.072700 0.090863 0.345245 0.000050 0.000035 0.018223 0.000005 0.000027
 0.000047 0.000009 0.018217 0.000055 0.163545 0.000045 0.018185 0.000054 0.635933 0.000062 0.000016 0.000044 0.000027 0.018191 0.000053 0.127226 0.018203 0.000055 0.000005 0.000027
 0.018215 0.000009 0.000049 0.000055 0.526906 0.109053 0.000017 0.072726 0.018220 0.000062 0.000016 0.000044 0.000027 0.000023 0.109061 0.000050 0.000035 0.145399 0.000005 0.000027
 0.000047 0.000009 0.000049 0.000055 0.127209 0.000045 0.181698 0.000054 0.000052 0.472431 0.000016 0.000044 0.018195 0.000023 0.090893 0.036386 0.018203 0.000055 0.000005 0.054531

MOTIF 48-ITAAVAL STREME-48
letter-probability matrix: alength= 20 w= 7 nsites= 56 E= 4.7e-001
 0.000043 0.000008 0.000044 0.114725 0.000030 0.000041 0.000016 0.409604 0.098340 0.000056 0.000015 0.131097 0.000025 0.000021 0.000047 0.245779 0.000032 0.000050 0.000004 0.000025
 0.098336 0.000008 0.000044 0.000050 0.000030 0.114716 0.000016 0.000048 0.000047 0.000056 0.000015 0.000039 0.000025 0.000021 0.163870 0.000045 0.622557 0.000050 0.000004 0.000025
 0.737243 0.000008 0.000044 0.000050 0.000030 0.000041 0.016398 0.000048 0.000047 0.000056 0.000015 0.000039 0.000025 0.000021 0.000047 0.000045 0.000032 0.245783 0.000004 0.000025
 0.573421 0.000008 0.081955 0.000050 0.000030 0.163863 0.114691 0.000048 0.016429 0.000056 0.000015 0.000039 0.000025 0.000021 0.000047 0.000045 0.049179 0.000050 0.000004 0.000025
 0.065571 0.000008 0.180249 0.000050 0.000030 0.000041 0.000016 0.098342 0.098340 0.114732 0.000015 0.000039 0.049171 0.000021 0.000047 0.000045 0.065561 0.327694 0.000004 0.000025
 0.311305 0.000008 0.000044 0.032814 0.000030 0.000041 0.000016 0.294929 0.000047 0.000056 0.000015 0.000039 0.000025 0.000021 0.065576 0.049192 0.032796 0.213019 0.000004 0.000025
 0.180247 0.000008 0.000044 0.000050 0.016412 0.000041 0.000016 0.131106 0.065576 0.294936 0.000015 0.049186 0.000025 0.000021 0.081959 0.000045 0.000032 0.147490 0.000004 0.032789

MOTIF 49-LDVGTN STREME-49
letter-probability matrix: alength= 20 w= 6 nsites= 54 E= 4.7e-001
 0.020869 0.020825 0.000056 0.020878 0.020853 0.020867 0.020835 0.020877 0.020874 0.624528 0.000019 0.020865 0.041662 0.000027 0.000060 0.000057 0.124932 0.020878 0.000005 0.000031
 0.020869 0.000010 0.603698 0.000063 0.062483 0.041682 0.041650 0.000062 0.000059 0.041702 0.020834 0.000050 0.000031 0.062472 0.000060 0.000057 0.000041 0.020878 0.000005 0.083292
 0.041684 0.020825 0.062502 0.000063 0.000038 0.083312 0.000020 0.000062 0.000059 0.062517 0.000019 0.020865 0.000031 0.020842 0.020876 0.041688 0.000041 0.541259 0.000005 0.083292
 0.020869 0.000010 0.000056 0.000063 0.000038 0.853476 0.000020 0.020877 0.062505 0.000071 0.000019 0.020865 0.000031 0.000027 0.020876 0.000057 0.000041 0.000063 0.000005 0.000031
 0.000054 0.000010 0.020871 0.000063 0.000038 0.020867 0.000020 0.000062 0.041690 0.020886 0.000019 0.000050 0.020847 0.000027 0.000060 0.020872 0.832650 0.020878 0.000005 0.000031
 0.020869 0.020825 0.000056 0.000063 0.000038 0.000052 0.000020 0.000062 0.000059 0.000071 0.000019 0.957551 0.000031 0.000027 0.000060 0.000057 0.000041 0.000063 0.000005 0.000031

MOTIF 50-LGPPISLE STREME-50
letter-probability matrix: alength= 20 w= 8 nsites= 48 E= 4.7e-001
 0.000052 0.019993 0.000054 0.060010 0.000036 0.040016 0.000019 0.060009 0.000057 0.699485 0.000018 0.040015 0.039997 0.000026 0.020041 0.020038 0.000039 0.000061 0.000005 0.000030
 0.040018 0.000010 0.020037 0.020044 0.000036 0.639516 0.039986 0.000059 0.000057 0.040035 0.000018 0.040015 0.079963 0.020009 0.000058 0.040022 0.000039 0.020044 0.000005 0.000030
 0.040018 0.000010 0.000054 0.020044 0.020019 0.000049 0.020002 0.020042 0.040024 0.020052 0.000018 0.079981 0.539580 0.079959 0.000058 0.040022 0.059989 0.020044 0.000005 0.000030
 0.000052 0.039976 0.000054 0.040027 0.000036 0.059999 0.000019 0.000059 0.020040 0.040035 0.020001 0.020031 0.699446 0.000026 0.020041 0.000055 0.020022 0.020044 0.000005 0.000030
 0.020035 0.000010 0.040021 0.020044 0.000036 0.059999 0.000019 0.459676 0.079990 0.080002 0.020001 0.020031 0.020013 0.039992 0.020041 0.020038 0.000039 0.079994 0.000005 0.020013
 0.000052 0.039976 0.000054 0.040027 0.020019 0.000049 0.000019 0.020042 0.020040 0.099985 0.000018 0.040015 0.000030 0.000026 0.000058 0.699471 0.000039 0.020044 0.000005 0.000030
 0.020035 0.000010 0.020037 0.000060 0.020019 0.020033 0.000019 0.079992 0.020040 0.579585 0.020001 0.000048 0.059980 0.020009 0.020041 0.079988 0.040006 0.000061 0.000005 0.000030
 0.000052 0.000010 0.040021 0.579577 0.000036 0.000049 0.000019 0.060009 0.020040 0.020052 0.020001 0.020031 0.039997 0.000026 0.020041 0.040022 0.020022 0.079994 0.000005 0.039997

MOTIF 51-KQLQARIL STREME-51
letter-probability matrix: alength= 20 w= 8 nsites= 32 E= 4.7e-001
 0.000093 0.000017 0.000096 0.000108 0.000064 0.035749 0.000034 0.000105 0.606341 0.000122 0.000032 0.000085 0.000054 0.071368 0.000103 0.035759 0.142714 0.107092 0.000009 0.000053
 0.000093 0.000017 0.000096 0.000108 0.000064 0.000088 0.000034 0.000105 0.071424 0.214089 0.000032 0.000085 0.000054 0.606285 0.107087 0.000098 0.000070 0.000108 0.000009 0.000053
 0.000093 0.000017 0.000096 0.000108 0.000064 0.000088 0.000034 0.142750 0.000102 0.463717 0.000032 0.107069 0.000054 0.000046 0.000103 0.000098 0.000070 0.285397 0.000009 0.000053
 0.071415 0.000017 0.142741 0.000108 0.071387 0.000088 0.000034 0.000105 0.000102 0.000122 0.107015 0.000085 0.071376 0.427979 0.000103 0.107081 0.000070 0.000108 0.000009 0.000053
 0.570671 0.000017 0.000096 0.000108 0.071387 0.142733 0.000034 0.071428 0.000102 0.000122 0.000032 0.000085 0.000054 0.000046 0.142748 0.000098 0.000070 0.000108 0.000009 0.000053
 0.000093 0.000017 0.000096 0.000108 0.000064 0.107072 0.000034 0.000105 0.035763 0.178428 0.000032 0.035747 0.000054 0.000046 0.499359 0.000098 0.000070 0.142753 0.000009 0.000053
 0.000093 0.035678 0.000096 0.142753 0.000064 0.000088 0.000034 0.535023 0.035763 0.071444 0.000032 0.142730 0.000054 0.000046 0.000103 0.000098 0.035731 0.000108 0.000009 0.000053
 0.000093 0.000017 0.000096 0.000108 0.000064 0.000088 0.000034 0.000105 0.000102 0.749006 0.000032 0.000085 0.035715 0.000046 0.035764 0.000098 0.178375 0.000108 0.000009 0.000053

MOTIF 52-GNVTLL STREME-52
letter-probability matrix: alength= 20 w= 6 nsites= 27 E= 4.7e-001
 0.041702 0.000020 0.000112 0.000126 0.000075 0.748801 0.041634 0.041717 0.041713 0.041737 0.000037 0.000100 0.000063 0.000053 0.000120 0.000114 0.041676 0.000126 0.000011 0.000062
 0.083297 0.000020 0.000112 0.000126 0.000075 0.000103 0.000040 0.041717 0.000118 0.083331 0.000037 0.665609 0.000063 0.041648 0.000120 0.041709 0.000081 0.041720 0.000011 0.000062
 0.000108 0.000020 0.000112 0.000126 0.000075 0.000103 0.000040 0.124906 0.041713 0.083331 0.000037 0.000100 0.000063 0.000053 0.000120 0.041709 0.000081 0.707230 0.000011 0.000062
 0.000108 0.000020 0.000112 0.083315 0.000075 0.000103 0.000040 0.000123 0.000118 0.000142 0.000037 0.000100 0.000063 0.000053 0.000120 0.000114 0.915157 0.000126 0.000011 0.000062
 0.041702 0.000020 0.041706 0.000126 0.041669 0.000103 0.000040 0.000123 0.000118 0.873623 0.000037 0.000100 0.000063 0.000053 0.000120 0.000114 0.000081 0.000126 0.000011 0.000062
 0.000108 0.000020 0.000112 0.041720 0.000075 0.166480 0.000040 0.000123 0.000118 0.624057 0.000037 0.000100 0.041657 0.000053 0.000120 0.083303 0.000081 0.041720 0.000011 0.000062

MOTIF 53-NVDAYVKC STREME-53
letter-probability matrix: alength= 20 w= 8 nsites= 25 E= 4.7e-001
 0.000118 0.000022 0.000122 0.045506 0.000082 0.000112 0.000043 0.090871 0.045498 0.000155 0.090778 0.680636 0.000068 0.000058 0.000131 0.000125 0.000089 0.045506 0.000012 0.000068
 0.090855 0.000022 0.090859 0.000137 0.000082 0.000112 0.000043 0.045503 0.000129 0.000155 0.000041 0.000109 0.000068 0.000058 0.000131 0.000125 0.000089 0.771402 0.000012 0.000068
 0.000118 0.000022 0.453807 0.226980 0.045450 0.045481 0.000043 0.000134 0.090866 0.000155 0.000041 0.000109 0.000068 0.000058 0.000131 0.090862 0.045457 0.000138 0.000012 0.000068
 0.726014 0.000022 0.000122 0.090874 0.000082 0.136218 0.000043 0.000134 0.000129 0.045524 0.000041 0.000109 0.000068 0.000058 0.000131 0.000125 0.000089 0.000138 0.000012 0.000068
 0.045486 0.000022 0.000122 0.090874 0.090819 0.090849 0.000043 0.000134 0.000129 0.181629 0.000041 0.000109 0.000068 0.226901 0.000131 0.000125 0.000089 0.000138 0.000012 0.272279
 0.045486 0.045390 0.000122 0.000137 0.045450 0.000112 0.045412 0.317714 0.000129 0.000155 0.000041 0.000109 0.000068 0.000058 0.045500 0.045493 0.000089 0.408454 0.000012 0.000068
 0.000118 0.000022 0.045491 0.136243 0.000082 0.045481 0.000043 0.000134 0.272340 0.045524 0.000041 0.136214 0.000068 0.045427 0.136237 0.045493 0.000089 0.045506 0.045380 0.000068
 0.000118 0.907392 0.000122 0.000137 0.000082 0.000112 0.000043 0.000134 0.000129 0.045524 0.000041 0.000109 0.000068 0.045427 0.000131 0.000125 0.000089 0.000138 0.000012 0.000068

MOTIF 54-EVGMDVVRT STREME-54
letter-probability matrix: alength= 20 w= 9 nsites= 11 E= 4.7e-001
 0.005653 0.001052 0.005872 0.915685 0.003933 0.005391 0.002085 0.006445 0.006201 0.007447 0.001958 0.005219 0.003285 0.002796 0.006307 0.005981 0.004251 0.006605 0.000569 0.003266
 0.005653 0.001052 0.005872 0.006594 0.003933 0.005391 0.002085 0.006445 0.006201 0.007447 0.001958 0.005219 0.003285 0.002796 0.006307 0.005981 0.004251 0.915696 0.000569 0.003266
 0.005653 0.001052 0.005872 0.006594 0.003933 0.914482 0.002085 0.006445 0.006201 0.007447 0.001958 0.005219 0.003285 0.002796 0.006307 0.005981 0.004251 0.006605 0.000569 0.003266
 0.005653 0.001052 0.005872 0.006594 0.003933 0.005391 0.002085 0.006445 0.006201 0.007447 0.911049 0.005219 0.003285 0.002796 0.006307 0.005981 0.004251 0.006605 0.000569 0.003266
 0.005653 0.001052 0.914963 0.006594 0.003933 0.005391 0.002085 0.006445 0.006201 0.007447 0.001958 0.005219 0.003285 0.002796 0.006307 0.005981 0.004251 0.006605 0.000569 0.003266
 0.005653 0.001052 0.005872 0.006594 0.003933 0.005391 0.002085 0.006445 0.006201 0.007447 0.001958 0.005219 0.003285 0.002796 0.006307 0.005981 0.004251 0.915696 0.000569 0.003266
 0.005653 0.001052 0.005872 0.006594 0.003933 0.005391 0.002085 0.006445 0.006201 0.007447 0.001958 0.005219 0.003285 0.002796 0.006307 0.005981 0.004251 0.915696 0.000569 0.003266
 0.005653 0.001052 0.005872 0.006594 0.003933 0.005391 0.002085 0.006445 0.006201 0.007447 0.001958 0.005219 0.003285 0.002796 0.915398 0.005981 0.004251 0.006605 0.000569 0.003266
 0.005653 0.001052 0.005872 0.006594 0.003933 0.005391 0.002085 0.006445 0.006201 0.007447 0.001958 0.005219 0.003285 0.002796 0.006307 0.005981 0.913342 0.006605 0.000569 0.003266

MOTIF 55-GYGGWG STREME-55
letter-probability matrix: alength= 20 w= 6 nsites= 50 E= 5.2e+000
 0.005653 0.001052 0.005872 0.006594 0.003933 0.914482 0.002085 0.006445 0.006201 0.007447 0.001958 0.005219 0.003285 0.002796 0.006307 0.005981 0.004251 0.006605 0.000569 0.003266
 0.005653 0.001052 0.005872 0.006594 0.003933 0.005391 0.002085 0.006445 0.006201 0.007447 0.001958 0.005219 0.003285 0.002796 0.006307 0.005981 0.004251 0.006605 0.000569 0.912357
 0.005653 0.001052 0.005872 0.006594 0.003933 0.914482 0.002085 0.006445 0.006201 0.007447 0.001958 0.005219 0.003285 0.002796 0.006307 0.005981 0.004251 0.006605 0.000569 0.003266
 0.005653 0.001052 0.005872 0.006594 0.003933 0.914482 0.002085 0.006445 0.006201 0.007447 0.001958 0.005219 0.003285 0.002796 0.006307 0.005981 0.004251 0.006605 0.000569 0.003266
 0.005653 0.001052 0.005872 0.006594 0.003933 0.005391 0.002085 0.006445 0.006201 0.007447 0.001958 0.005219 0.003285 0.002796 0.006307 0.005981 0.004251 0.006605 0.909660 0.003266
 0.005653 0.001052 0.005872 0.006594 0.003933 0.914482 0.002085 0.006445 0.006201 0.007447 0.001958 0.005219 0.003285 0.002796 0.006307 0.005981 0.004251 0.006605 0.000569 0.003266

MOTIF 56-SLSVAQ STREME-56
letter-probability matrix: alength= 20 w= 6 nsites= 36 E= 5.2e+000
 0.058828 0.000014 0.000079 0.058840 0.000053 0.000073 0.000028 0.000087 0.058835 0.058852 0.000026 0.088198 0.000044 0.000038 0.000085 0.675722 0.000057 0.000089 0.000008 0.000044
 0.000076 0.000014 0.000079 0.000089 0.000053 0.117576 0.000028 0.000087 0.029459 0.763869 0.000026 0.000070 0.000044 0.000038 0.000085 0.029456 0.000057 0.000089 0.029383 0.029420
 0.000076 0.000014 0.000079 0.058840 0.000053 0.000073 0.000028 0.088214 0.058835 0.000100 0.000026 0.000070 0.000044 0.000038 0.000085 0.705098 0.000057 0.088216 0.000008 0.000044
 0.058828 0.000014 0.000079 0.000089 0.000053 0.058824 0.000028 0.117590 0.058835 0.000100 0.000026 0.000070 0.000044 0.000038 0.000085 0.000081 0.000057 0.675730 0.000008 0.029420
 0.470088 0.146893 0.000079 0.000089 0.000053 0.000073 0.000028 0.000087 0.058835 0.058852 0.000026 0.088198 0.000044 0.000038 0.000085 0.000081 0.117560 0.058840 0.000008 0.000044
 0.117579 0.000014 0.088206 0.058840 0.000053 0.058824 0.000028 0.000087 0.000084 0.029476 0.000026 0.088198 0.000044 0.440673 0.000085 0.058832 0.058809 0.000089 0.000008 0.000044

MOTIF 57-LGTSIPD STREME-57
letter-probability matrix: alength= 20 w= 7 nsites= 43 E= 5.7e+001
 0.071419 0.000011 0.000064 0.000072 0.071401 0.142774 0.000023 0.000070 0.071425 0.356870 0.071379 0.047629 0.166537 0.000031 0.000069 0.000065 0.000046 0.000072 0.000006 0.000036
 0.000062 0.118941 0.000064 0.000072 0.000043 0.499563 0.000023 0.095214 0.000068 0.095225 0.095165 0.000057 0.000036 0.095174 0.000069 0.000065 0.000046 0.000072 0.000006 0.000036
 0.000062 0.000011 0.190351 0.000072 0.000043 0.000059 0.000023 0.000070 0.000068 0.000081 0.000021 0.000057 0.000036 0.000031 0.000069 0.000065 0.808767 0.000072 0.000006 0.000036
 0.000062 0.000011 0.000064 0.000072 0.000043 0.000059 0.000023 0.142786 0.000068 0.119011 0.000021 0.118986 0.071394 0.023816 0.000069 0.523355 0.000046 0.000072 0.000006 0.000036
 0.000062 0.000011 0.000064 0.000072 0.166544 0.000059 0.000023 0.380645 0.000068 0.000081 0.000021 0.000057 0.118965 0.000031 0.095212 0.118995 0.000046 0.023858 0.000006 0.095179
 0.047633 0.000011 0.047636 0.000072 0.000043 0.000059 0.000023 0.000070 0.095211 0.047653 0.000021 0.142772 0.214109 0.000031 0.095212 0.000065 0.047618 0.190359 0.000006 0.071393
 0.000062 0.166513 0.404424 0.047644 0.000043 0.166560 0.000023 0.023856 0.071425 0.000081 0.000021 0.000057 0.047608 0.000031 0.000069 0.000065 0.000046 0.071430 0.000006 0.000036

********************************************************************************
Stopped because 3 consecutive motifs exceeded the p-value threshold (0.01).
********************************************************************************
COMMAND:	streme --p /mnt/c/Users/mirei/Desktop/AMP-Comparative-Clustering-and-Motif-Analysis/results/02_clustering/AMP_MASTER_cdhit.fasta --n /mnt/c/Users/mirei/Desktop/AMP-Comparative-Clustering-and-Motif-Analysis/results/03_background/nonamp_cdhit_10x_len_kr_matched_progressive_random.fasta --protein --minw 6 --maxw 20 --nmotifs 45 --pvt 0.01 --oc /mnt/c/Users/mirei/Desktop/AMP-Comparative-Clustering-and-Motif-Analysis/results/04_motif_discovery/streme_cdhit
********************************************************************************
CPU:		Mireia
********************************************************************************
FINALTIME:	2206.39 seconds
********************************************************************************
