0001.pdb      ;11.2;  80.;  67; -15.3; -15.3;
0002.pdb      ; 5.6;  80.;  73; -11.8; -11.8;
0003.pdb      ; 6.6;  80.;  74;  -6.6;  -6.4;
0004.pdb      ;10.0;  80.;  64;  -7.6;  -7.0;
0005.pdb      ; 6.6;  80.;  74;  -6.6;  -6.4;
0006.pdb      ; 0.4;  80.;  75;  -1.3;  -1.2;
0007.pdb      ; 5.4;  80.;  85;  -5.4;  -4.9;
0008.pdb      ; 4.6;  80.;  72;  -5.6;  -5.3;
0009.pdb      ;11.6;  90.;  75; -18.5; -18.0;
001.pdb       ;11.2;  80.;  67; -15.3; -15.3;
0010.pdb      ; 6.2;  80.;  88;  -9.8;  -9.1;
0011.pdb      ; 6.6;  80.;  78; -10.6; -10.2;
0012.pdb      ; 2.3;  80.;  87;  -4.6;  -4.3;
0013.pdb      ; 2.3;  80.;  87;  -4.6;  -4.3;
0014.pdb      ;10.0; 100.;  73; -12.7; -12.5;
0016.pdb      ; 8.5;  80.;  72; -10.7; -10.4;
0017.pdb      ; 3.3;  80.;  82;  -7.8;  -7.1;
0018.pdb      ; 4.4;  80.;  76;  -5.1;  -4.4;
0019.pdb      ; 8.7;  80.;  74; -12.8; -12.1;
002.pdb       ; 5.6;  80.;  73; -11.8; -11.8;
0020.pdb      ; 9.1;  80.;  59;  -9.6;  -9.5;
0021.pdb      ; 9.6;  80.;  73; -14.7; -14.6;
0022.pdb      ; 5.4;  80.;  83; -12.5; -12.3;
0023.pdb      ; 9.1;  80.;  62; -10.5;  -9.5;
0024.pdb      ;11.0;  80.;  64; -14.2; -13.8;
0025.pdb      ; 7.7; 210.;  78; -10.9; -10.9;
0026.pdb      ; 9.6;  80.;  77; -16.2; -16.0;
0027.pdb      ; 9.1;  80.;  62; -10.5;  -9.5;
0028.pdb      ; 5.5;  80.;  61; -11.4; -10.9;
0029.pdb      ; 2.8;  80.;  53;  -3.2;  -3.1;
003.pdb       ; 6.6;  80.;  74;  -6.6;  -6.4;
0030.pdb      ; 5.1;  80.;  84;  -5.0;  -4.8;
0031.pdb      ; 2.8;  80.;  53;  -3.2;  -3.1;
0032.pdb      ; 5.1;  80.;  84;  -5.0;  -4.8;
0033.pdb      ; 3.0;  90.;  88; -13.2; -11.4;
0034.pdb      ; 4.2; 110.;  89;  -6.9;  -5.2;
0035.pdb      ; 3.4;  80.;  86;  -7.8;  -7.7;
0036.pdb      ; 3.7; 530.;  82;  -9.5;  -9.5;
0037.pdb      ; 3.0;  90.;  88; -13.2; -11.4;
0038.pdb      ; 4.2; 110.;  89;  -6.9;  -5.2;
0039.pdb      ; 3.4;  80.;  86;  -7.8;  -7.7;
004.pdb       ;10.0;  80.;  64;  -7.6;  -7.0;
0040.pdb      ; 3.7; 530.;  82;  -9.5;  -9.5;
0041.pdb      ;10.9;  80.;  74; -16.5; -16.0;
0043.pdb      ; 8.8;  80.;  82; -23.9; -23.3;
0044.pdb      ; 8.5;  80.;  88; -19.7; -18.9;
0045.pdb      ;11.0;  80.;  76; -13.2; -12.5;
0046.pdb      ;10.5;  80.;  80; -21.9; -20.0;
0047.pdb      ; 9.3;  80.;  81; -21.9; -20.5;
0048.pdb      ; 8.1;  80.;  77;  -9.9;  -9.7;
0049.pdb      ; 3.0;  80.;  81; -10.3;  -9.0;
005.pdb       ; 6.6;  80.;  74;  -6.6;  -6.4;
0050.pdb      ;10.9;  80.;  74; -16.5; -16.0;
0052.pdb      ; 8.8;  80.;  82; -23.9; -23.3;
0053.pdb      ; 8.5;  80.;  88; -19.7; -18.9;
0054.pdb      ;11.0;  80.;  76; -13.2; -12.5;
0055.pdb      ;10.5;  80.;  80; -21.9; -20.0;
0056.pdb      ; 9.3;  80.;  81; -21.9; -20.5;
0057.pdb      ; 8.1;  80.;  77;  -9.9;  -9.7;
0058.pdb      ; 3.0;  80.;  81; -10.3;  -9.0;
0059.pdb      ; 9.2;  80.;  70; -10.9; -10.6;
006.pdb       ; 0.4;  80.;  75;  -1.3;  -1.2;
0060.pdb      ; 5.4;  80.;  88;  -9.5;  -9.3;
0061.pdb      ; 4.5;  80.;  80;  -8.7;  -7.3;
0062.pdb      ; 9.3;  80.;  71; -13.1; -12.8;
0063.pdb      ; 9.6;  90.;  74; -12.1; -12.0;
0064.pdb      ; 9.4;  80.;  75;  -9.9;  -8.8;
0065.pdb      ; 5.4;  80.;  88;  -9.5;  -9.3;
0066.pdb      ; 7.9;  80.;  88; -11.1; -10.8;
0067.pdb      ; 6.6;  80.;  76;  -6.6;  -5.9;
0068.pdb      ; 6.3; 100.;  85; -11.9; -11.2;
0069.pdb      ; 8.6;  80.;  87; -17.9; -17.6;
007.pdb       ; 5.4;  80.;  85;  -5.4;  -4.9;
0070.pdb      ; 9.1;  80.;  85; -17.9; -17.1;
0071.pdb      ; 5.5; 450.;  86;  -9.5;  -9.5;
0072.pdb      ; 5.6;  80.;  87;  -8.4;  -8.2;
0073.pdb      ; 5.7;  80.;  79;  -6.1;  -5.9;
0075.pdb      ; 5.6;  80.;  71;  -6.4;  -6.2;
0076.pdb      ; 3.1; 600.;  89;  -6.3;  -6.3;
0078.pdb      ; 5.6;  90.;  76;  -7.5;  -7.3;
0079.pdb      ; 2.5;  80.;  88;  -5.9;  -5.7;
008.pdb       ; 4.6;  80.;  72;  -5.6;  -5.3;
0080.pdb      ; 6.0; 590.;  80;  -5.5;  -5.4;
0081.pdb      ; 9.8;  80.;  57; -12.7; -12.4;
0082.pdb      ; 6.5; 100.;  51;  -6.6;  -6.4;
0083.pdb      ; 7.6;  80.;  12;  -7.6;  -7.4;
0084.pdb      ; 5.6; 110.;  59;  -6.6;  -6.4;
0087.pdb      ; 8.7; 130.;  58;  -7.7;  -7.5;
0088.pdb      ; 9.4;  80.;  66; -13.9; -13.5;
0089.pdb      ;10.4;  80.;  59;  -9.7;  -8.9;
009.pdb       ;11.6;  90.;  75; -18.5; -18.0;
0090.pdb      ; 8.0;  80.;  61; -11.1; -10.7;
0091.pdb      ;11.0;  80.;  71; -20.9; -20.3;
0092.pdb      ; 1.9;  80.;  86;  -3.8;  -3.4;
0093.pdb      ; 4.3; 200.;  78;  -7.1;  -7.0;
0094.pdb      ;11.0; 100.;  67;  -6.4;  -6.3;
0095.pdb      ; 5.7;  80.;  44;  -7.2;  -7.2;
0096.pdb      ; 9.6;  80.;  39;  -6.1;  -5.9;
0097.pdb      ;10.2;  80.;  70; -12.1; -11.7;
0098.pdb      ; 9.6;  80.;  85; -11.6; -11.3;
0099.pdb      ;10.4;  80.;  81; -18.1; -18.0;
010.pdb       ; 6.2;  80.;  88;  -9.8;  -9.1;
0100.pdb      ; 1.7; 530.;  83;  -4.6;  -4.6;
0101.pdb      ; 8.7;  80.;  64; -13.8; -12.6;
0103.pdb      ; 6.7;  80.;  67;  -8.9;  -8.8;
0104.pdb      ; 1.6;  80.;  58;  -2.9;  -2.8;
0105.pdb      ; 2.8;  80.;  85;  -7.4;  -6.2;
0106.pdb      ; 5.1;  80.;  81;  -4.1;  -3.2;
0107.pdb      ;12.2;  80.;  70; -16.0; -14.9;
0108.pdb      ; 4.8;  80.;  84;  -8.9;  -8.3;
0109.pdb      ; 9.1; 390.;  75; -13.7; -13.6;
011.pdb       ; 6.6;  80.;  78; -10.6; -10.2;
0110.pdb      ; 8.4; 400.;  77; -11.4; -11.4;
0111.pdb      ; 6.4;  80.;  90;  -8.6;  -7.8;
0112.pdb      ; 8.1;  80.;  72;  -7.4;  -7.1;
0113.pdb      ; 7.3;  80.;  84; -11.0;  -9.9;
0114.pdb      ; 9.1;  80.;  71; -11.0; -10.8;
0115.pdb      ; 8.2;  80.;  69;  -8.9;  -8.8;
0117.pdb      ; 2.7;  80.;  30;  -3.5;  -3.4;
0118.pdb      ; 4.0;  90.;  87;  -3.7;  -3.6;
0119.pdb      ; 2.2; 270.;  77;  -6.5;  -6.5;
012.pdb       ; 2.3;  80.;  87;  -4.6;  -4.3;
0120.pdb      ; 2.7;  80.;  83;  -3.9;  -3.6;
0122.pdb      ; 3.8;  90.;  83;  -4.2;  -3.9;
0123.pdb      ; 2.1;  80.;  72;  -5.4;  -5.3;
0124.pdb      ; 5.7;  80.;  72;  -4.6;  -4.1;
0125.pdb      ; 2.5;  80.;  79;  -6.1;  -5.9;
0126.pdb      ; 4.9;  80.;  68;  -5.1;  -4.7;
0127.pdb      ; 6.1;  80.;  82;  -5.5;  -5.3;
0128.pdb      ; 4.2;  80.;  81;  -5.7;  -5.6;
0129.pdb      ; 3.4;  80.;  88;  -8.0;  -7.1;
013.pdb       ; 2.3;  80.;  87;  -4.6;  -4.3;
0130.pdb      ; 2.6;  90.;  87;  -5.9;  -5.2;
0131.pdb      ; 3.6;  80.;  88;  -7.8;  -6.4;
0132.pdb      ; 2.7; 180.;  88;  -9.1;  -9.0;
0133.pdb      ; 4.5;  80.;  81;  -9.1;  -7.4;
0134.pdb      ; 2.8; 190.;  84;  -7.1;  -6.8;
0135.pdb      ; 4.4;  90.;  76;  -5.7;  -5.1;
0136.pdb      ; 2.3; 140.;  88;  -6.0;  -5.8;
0137.pdb      ; 3.7;  80.;  93; -10.7;  -7.5;
0138.pdb      ; 3.4; 200.;  88; -11.3; -10.7;
0139.pdb      ; 2.0; 300.;  90;  -7.0;  -6.9;
014.pdb       ;10.0; 100.;  73; -12.7; -12.5;
0140.pdb      ; 1.6;  80.;  86;  -3.8;  -3.3;
0141.pdb      ; 2.5;  80.;  85;  -4.5;  -4.4;
0142.pdb      ; 2.2;  80.;  88;  -5.0;  -4.9;
0143.pdb      ; 7.1;  80.;  79; -11.7; -11.6;
0144.pdb      ; 7.9;  80.;  77; -15.4; -15.3;
0145.pdb      ; 8.4; 400.;  80; -14.0; -13.8;
0147.pdb      ; 2.1;  80.;  71;  -4.2;  -3.8;
0149.pdb      ; 4.9;  80.;  89;  -6.3;  -5.5;
0150.pdb      ;14.5;  80.;  45;  -9.8;  -9.8;
0151.pdb      ; 2.6;  80.;  84;  -6.5;  -5.2;
0152.pdb      ; 4.5;  80.;  89;  -5.8;  -5.6;
0153.pdb      ;11.1;  80.;  56; -12.0; -11.5;
0154.pdb      ; 6.5; 590.;  82;  -9.3;  -9.3;
0156.pdb      ; 9.7;  80.;  85; -17.7; -16.8;
0157.pdb      ; 6.4; 450.;  78;  -6.7;  -6.5;
0158.pdb      ; 9.3; 120.;  78; -13.5; -13.4;
0159.pdb      ; 9.7;  80.;  74; -12.5; -12.3;
016.pdb       ; 8.5;  80.;  72; -10.7; -10.4;
0160.pdb      ; 6.7;  90.;  73;  -7.0;  -6.2;
0161.pdb      ; 8.8; 100.;  62; -13.0; -12.9;
0162.pdb      ;10.8;  90.;  72; -17.0; -16.2;
0163.pdb      ;10.5;  80.;  61; -13.5; -13.5;
0164.pdb      ;13.9;  80.;  63; -16.8; -16.2;
0165.pdb      ;15.6;  80.;  47; -16.4; -16.3;
0166.pdb      ;12.1;  80.;  70; -15.3; -15.3;
0168.pdb      ;11.9;  80.;  73; -15.7; -15.3;
0169.pdb      ;15.2;  80.;  65; -21.0; -20.6;
017.pdb       ; 3.3;  80.;  82;  -7.8;  -7.1;
0170.pdb      ;15.6;  80.;  59; -15.2; -14.7;
0171.pdb      ; 9.0;  80.;  70; -12.3; -11.9;
0172.pdb      ; 8.9;  80.;  71; -10.6; -10.4;
0173.pdb      ; 5.0;  80.;  83;  -8.8;  -8.6;
0174.pdb      ; 8.1; 200.;  75; -11.0; -10.9;
0175.pdb      ; 6.4;  80.;  90;  -8.6;  -7.8;
0176.pdb      ; 7.3;  80.;  84; -11.0;  -9.9;
0177.pdb      ; 8.0;  80.;  84; -11.0;  -8.3;
0178.pdb      ; 4.5;  80.;  86;  -7.3;  -6.3;
018.pdb       ; 4.4;  80.;  76;  -5.1;  -4.4;
0180.pdb      ; 6.1;  80.;  88; -11.3; -10.0;
0181.pdb      ; 3.6; 170.;  57;  -4.3;  -4.3;
0182.pdb      ; 9.8;  80.;  77; -10.0;  -9.8;
0183.pdb      ; 9.1; 100.;  55;  -7.7;  -7.7;
0184.pdb      ; 5.2;  80.;  76;  -8.9;  -7.6;
0185.pdb      ; 7.1;  80.;  80; -15.8; -13.5;
0186.pdb      ; 7.4;  80.;  78;  -9.7;  -8.4;
0188.pdb      ; 5.9;  80.;  87; -14.5; -13.7;
0189.pdb      ; 7.0;  80.;  72;  -9.7;  -8.9;
019.pdb       ; 8.7;  80.;  74; -12.8; -12.1;
0190.pdb      ;10.5;  80.;  81; -11.9; -11.6;
0191.pdb      ;10.3;  80.;  62; -11.6; -11.6;
0192.pdb      ; 7.5;  80.;  81; -13.6; -13.2;
0193.pdb      ; 7.9;  80.;  79; -15.1; -14.3;
0194.pdb      ; 3.7;  80.;  89; -10.4;  -9.7;
0195.pdb      ; 4.7; 160.;  85;  -9.7;  -9.7;
0196.pdb      ; 6.7;  80.;  83; -13.9; -12.8;
0197.pdb      ; 6.5;  80.;  85;  -9.0;  -8.8;
0198.pdb      ; 4.6;  80.;  89; -14.9; -12.1;
0199.pdb      ; 9.7; 140.;  67; -14.3; -14.2;
020.pdb       ; 9.1;  80.;  59;  -9.6;  -9.5;
0200.pdb      ; 1.4;  80.;  91;  -3.9;  -3.9;
0201.pdb      ; 3.9; 100.;  80; -10.4;  -9.6;
0202.pdb      ; 3.9;  80.;  87;  -8.0;  -6.5;
0203.pdb      ; 1.9; 130.;  84;  -2.2;  -2.1;
0204.pdb      ; 0.4;  80.;  72;  -1.4;  -1.3;
0205.pdb      ; 1.0;  80.;  53;  -1.5;  -1.4;
0206.pdb      ; 0.9;  80.;  63;  -1.3;  -1.2;
0207.pdb      ; 3.4; 150.;  87;  -1.8;  -1.7;
0208.pdb      ; 1.6;  80.;  39;  -1.8;  -1.8;
0209.pdb      ; 6.7;  80.;  84;  -9.4;  -7.9;
021.pdb       ; 9.6;  80.;  73; -14.7; -14.6;
0210.pdb      ; 6.0;  80.;  87;  -9.6;  -9.1;
0211.pdb      ; 5.3;  80.;  83;  -9.4;  -8.3;
0212.pdb      ; 4.1;  80.;  86;  -6.9;  -6.6;
0213.pdb      ; 8.4;  80.;  80; -11.6; -11.0;
0214.pdb      ; 5.4;  90.;  76;  -8.6;  -8.4;
0215.pdb      ; 4.7; 480.;  89; -11.4; -11.4;
0216.pdb      ; 5.1;  80.;  86; -10.8; -10.3;
0217.pdb      ; 7.0;  80.;  70;  -4.2;  -4.2;
0218.pdb      ; 8.8;  80.;  72; -13.3; -13.3;
0219.pdb      ; 0.6;  80.;  87;  -2.1;  -2.0;
022.pdb       ; 5.4;  80.;  83; -12.5; -12.3;
0220.pdb      ; 0.4;  80.;  85;  -1.7;  -1.5;
0221.pdb      ; 4.5; 110.;  87;  -5.5;  -4.8;
0222.pdb      ; 1.7;  80.;  84;  -2.0;  -1.8;
0223.pdb      ; 1.2;  80.;  84;  -2.2;  -2.0;
0224.pdb      ; 2.8;  80.;  85;  -7.4;  -6.2;
0225.pdb      ; 5.1;  80.;  81;  -4.1;  -3.2;
0226.pdb      ; 5.0;  80.;  79; -16.3; -16.2;
0227.pdb      ; 2.5;  80.;  79;  -1.2;  -0.6;
0228.pdb      ; 2.4;  80.;  74;  -3.8;  -3.2;
0229.pdb      ; 2.1;  90.;  75;  -2.4;  -2.4;
023.pdb       ; 9.1;  80.;  62; -10.5;  -9.5;
0230.pdb      ; 5.6; 130.;  87;  -6.4;  -6.3;
0231.pdb      ; 2.3;  80.;  38;  -2.7;  -2.6;
0232.pdb      ; 3.6;  80.;  86;  -5.5;  -5.2;
0233.pdb      ; 3.4;  80.;  82;  -3.4;  -2.3;
0234.pdb      ; 5.2; 120.;  88;  -6.1;  -5.7;
024.pdb       ;11.0;  80.;  64; -14.2; -13.8;
025.pdb       ; 7.7; 210.;  78; -10.9; -10.9;
026.pdb       ; 9.6;  80.;  77; -16.2; -16.0;
027.pdb       ; 9.1;  80.;  62; -10.5;  -9.5;
028.pdb       ; 5.5;  80.;  61; -11.4; -10.9;
029.pdb       ; 2.8;  80.;  53;  -3.2;  -3.1;
030.pdb       ; 5.1;  80.;  84;  -5.0;  -4.8;
031.pdb       ; 2.8;  80.;  53;  -3.2;  -3.1;
032.pdb       ; 5.1;  80.;  84;  -5.0;  -4.8;
033.pdb       ; 3.0;  90.;  88; -13.2; -11.4;
034.pdb       ; 4.2; 110.;  89;  -6.9;  -5.2;
035.pdb       ; 3.4;  80.;  86;  -7.8;  -7.7;
036.pdb       ; 3.7; 530.;  82;  -9.5;  -9.5;
037.pdb       ; 3.0;  90.;  88; -13.2; -11.4;
038.pdb       ; 4.2; 110.;  89;  -6.9;  -5.2;
039.pdb       ; 3.4;  80.;  86;  -7.8;  -7.7;
040.pdb       ; 3.7; 530.;  82;  -9.5;  -9.5;
041.pdb       ;10.9;  80.;  74; -16.5; -16.0;
043.pdb       ; 8.8;  80.;  82; -23.9; -23.3;
044.pdb       ; 8.5;  80.;  88; -19.7; -18.9;
045.pdb       ;11.0;  80.;  76; -13.2; -12.5;
046.pdb       ;10.5;  80.;  80; -21.9; -20.0;
047.pdb       ; 9.3;  80.;  81; -21.9; -20.5;
048.pdb       ; 8.1;  80.;  77;  -9.9;  -9.7;
049.pdb       ; 3.0;  80.;  81; -10.3;  -9.0;
050.pdb       ;10.9;  80.;  74; -16.5; -16.0;
052.pdb       ; 8.8;  80.;  82; -23.9; -23.3;
053.pdb       ; 8.5;  80.;  88; -19.7; -18.9;
054.pdb       ;11.0;  80.;  76; -13.2; -12.5;
055.pdb       ;10.5;  80.;  80; -21.9; -20.0;
056.pdb       ; 9.3;  80.;  81; -21.9; -20.5;
057.pdb       ; 8.1;  80.;  77;  -9.9;  -9.7;
058.pdb       ; 3.0;  80.;  81; -10.3;  -9.0;
059.pdb       ; 9.2;  80.;  70; -10.9; -10.6;
060.pdb       ; 5.4;  80.;  88;  -9.5;  -9.3;
061.pdb       ; 4.5;  80.;  80;  -8.7;  -7.3;
062.pdb       ; 9.3;  80.;  71; -13.1; -12.8;
063.pdb       ; 9.6;  90.;  74; -12.1; -12.0;
064.pdb       ; 9.4;  80.;  75;  -9.9;  -8.8;
065.pdb       ; 5.4;  80.;  88;  -9.5;  -9.3;
066.pdb       ; 7.9;  80.;  88; -11.1; -10.8;
067.pdb       ; 6.6;  80.;  76;  -6.6;  -5.9;
068.pdb       ; 6.3; 100.;  85; -11.9; -11.2;
069.pdb       ; 8.6;  80.;  87; -17.9; -17.6;
070.pdb       ; 9.1;  80.;  85; -17.9; -17.1;
071.pdb       ; 5.5; 450.;  86;  -9.5;  -9.5;
072.pdb       ; 5.6;  80.;  87;  -8.4;  -8.2;
073.pdb       ; 5.7;  80.;  79;  -6.1;  -5.9;
075.pdb       ; 5.6;  80.;  71;  -6.4;  -6.2;
076.pdb       ; 3.1; 600.;  89;  -6.3;  -6.3;
078.pdb       ; 5.6;  90.;  76;  -7.5;  -7.3;
079.pdb       ; 2.5;  80.;  88;  -5.9;  -5.7;
080.pdb       ; 6.0; 590.;  80;  -5.5;  -5.4;
081.pdb       ; 9.8;  80.;  57; -12.7; -12.4;
082.pdb       ; 6.5; 100.;  51;  -6.6;  -6.4;
083.pdb       ; 7.6;  80.;  12;  -7.6;  -7.4;
084.pdb       ; 5.6; 110.;  59;  -6.6;  -6.4;
087.pdb       ; 8.7; 130.;  58;  -7.7;  -7.5;
088.pdb       ; 9.4;  80.;  66; -13.9; -13.5;
089.pdb       ;10.4;  80.;  59;  -9.7;  -8.9;
090.pdb       ; 8.0;  80.;  61; -11.1; -10.7;
091.pdb       ;11.0;  80.;  71; -20.9; -20.3;
092.pdb       ; 1.9;  80.;  86;  -3.8;  -3.4;
093.pdb       ; 4.3; 200.;  78;  -7.1;  -7.0;
094.pdb       ;11.0; 100.;  67;  -6.4;  -6.3;
095.pdb       ; 5.7;  80.;  44;  -7.2;  -7.2;
096.pdb       ; 9.6;  80.;  39;  -6.1;  -5.9;
097.pdb       ;10.2;  80.;  70; -12.1; -11.7;
098.pdb       ; 9.6;  80.;  85; -11.6; -11.3;
099.pdb       ;10.4;  80.;  81; -18.1; -18.0;
100.pdb       ; 1.7; 530.;  83;  -4.6;  -4.6;
101.pdb       ; 8.7;  80.;  64; -13.8; -12.6;
103.pdb       ; 6.7;  80.;  67;  -8.9;  -8.8;
104.pdb       ; 1.6;  80.;  58;  -2.9;  -2.8;
105.pdb       ; 2.8;  80.;  85;  -7.4;  -6.2;
106.pdb       ; 5.1;  80.;  81;  -4.1;  -3.2;
107.pdb       ;12.2;  80.;  70; -16.0; -14.9;
108.pdb       ; 4.8;  80.;  84;  -8.9;  -8.3;
109.pdb       ; 9.1; 390.;  75; -13.7; -13.6;
110.pdb       ; 8.4; 400.;  77; -11.4; -11.4;
111.pdb       ; 6.4;  80.;  90;  -8.6;  -7.8;
112.pdb       ; 8.1;  80.;  72;  -7.4;  -7.1;
113.pdb       ; 7.3;  80.;  84; -11.0;  -9.9;
114.pdb       ; 9.1;  80.;  71; -11.0; -10.8;
115.pdb       ; 8.2;  80.;  69;  -8.9;  -8.8;
117.pdb       ; 2.7;  80.;  30;  -3.5;  -3.4;
118.pdb       ; 4.0;  90.;  87;  -3.7;  -3.6;
119.pdb       ; 2.2; 270.;  77;  -6.5;  -6.5;
120.pdb       ; 2.7;  80.;  83;  -3.9;  -3.6;
122.pdb       ; 3.8;  90.;  83;  -4.2;  -3.9;
123.pdb       ; 2.1;  80.;  72;  -5.4;  -5.3;
124.pdb       ; 5.7;  80.;  72;  -4.6;  -4.1;
125.pdb       ; 2.5;  80.;  79;  -6.1;  -5.9;
126.pdb       ; 4.9;  80.;  68;  -5.1;  -4.7;
127.pdb       ; 6.1;  80.;  82;  -5.5;  -5.3;
128.pdb       ; 4.2;  80.;  81;  -5.7;  -5.6;
129.pdb       ; 3.4;  80.;  88;  -8.0;  -7.1;
130.pdb       ; 2.6;  90.;  87;  -5.9;  -5.2;
131.pdb       ; 3.6;  80.;  88;  -7.8;  -6.4;
132.pdb       ; 2.7; 180.;  88;  -9.1;  -9.0;
133.pdb       ; 4.5;  80.;  81;  -9.1;  -7.4;
134.pdb       ; 2.8; 190.;  84;  -7.1;  -6.8;
135.pdb       ; 4.4;  90.;  76;  -5.7;  -5.1;
136.pdb       ; 2.3; 140.;  88;  -6.0;  -5.8;
137.pdb       ; 3.7;  80.;  93; -10.7;  -7.5;
138.pdb       ; 3.4; 200.;  88; -11.3; -10.7;
139.pdb       ; 2.0; 300.;  90;  -7.0;  -6.9;
140.pdb       ; 1.6;  80.;  86;  -3.8;  -3.3;
141.pdb       ; 2.5;  80.;  85;  -4.5;  -4.4;
142.pdb       ; 2.2;  80.;  88;  -5.0;  -4.9;
143.pdb       ; 7.1;  80.;  79; -11.7; -11.6;
144.pdb       ; 7.9;  80.;  77; -15.4; -15.3;
145.pdb       ; 8.4; 400.;  80; -14.0; -13.8;
147.pdb       ; 2.1;  80.;  71;  -4.2;  -3.8;
149.pdb       ; 4.9;  80.;  89;  -6.3;  -5.5;
150.pdb       ;14.5;  80.;  45;  -9.8;  -9.8;
151.pdb       ; 2.6;  80.;  84;  -6.5;  -5.2;
152.pdb       ; 4.5;  80.;  89;  -5.8;  -5.6;
153.pdb       ;11.1;  80.;  56; -12.0; -11.5;
154.pdb       ; 6.5; 590.;  82;  -9.3;  -9.3;
156.pdb       ; 9.7;  80.;  85; -17.7; -16.8;
157.pdb       ; 6.4; 450.;  78;  -6.7;  -6.5;
158.pdb       ; 9.3; 120.;  78; -13.5; -13.4;
159.pdb       ; 9.7;  80.;  74; -12.5; -12.3;
160.pdb       ; 6.7;  90.;  73;  -7.0;  -6.2;
161.pdb       ; 8.8; 100.;  62; -13.0; -12.9;
162.pdb       ;10.8;  90.;  72; -17.0; -16.2;
163.pdb       ;10.5;  80.;  61; -13.5; -13.5;
164.pdb       ;13.9;  80.;  63; -16.8; -16.2;
165.pdb       ;15.6;  80.;  47; -16.4; -16.3;
166.pdb       ;12.1;  80.;  70; -15.3; -15.3;
168.pdb       ;11.9;  80.;  73; -15.7; -15.3;
169.pdb       ;15.2;  80.;  65; -21.0; -20.6;
170.pdb       ;15.6;  80.;  59; -15.2; -14.7;
171.pdb       ; 9.0;  80.;  70; -12.3; -11.9;
172.pdb       ; 8.9;  80.;  71; -10.6; -10.4;
173.pdb       ; 5.0;  80.;  83;  -8.8;  -8.6;
174.pdb       ; 8.1; 200.;  75; -11.0; -10.9;
175.pdb       ; 6.4;  80.;  90;  -8.6;  -7.8;
176.pdb       ; 7.3;  80.;  84; -11.0;  -9.9;
177.pdb       ; 8.0;  80.;  84; -11.0;  -8.3;
178.pdb       ; 4.5;  80.;  86;  -7.3;  -6.3;
180.pdb       ; 6.1;  80.;  88; -11.3; -10.0;
181.pdb       ; 3.6; 170.;  57;  -4.3;  -4.3;
182.pdb       ; 9.8;  80.;  77; -10.0;  -9.8;
183.pdb       ; 9.1; 100.;  55;  -7.7;  -7.7;
184.pdb       ; 5.2;  80.;  76;  -8.9;  -7.6;
185.pdb       ; 7.1;  80.;  80; -15.8; -13.5;
186.pdb       ; 7.4;  80.;  78;  -9.7;  -8.4;
188.pdb       ; 5.9;  80.;  87; -14.5; -13.7;
189.pdb       ; 7.0;  80.;  72;  -9.7;  -8.9;
190.pdb       ;10.5;  80.;  81; -11.9; -11.6;
191.pdb       ;10.3;  80.;  62; -11.6; -11.6;
192.pdb       ; 7.5;  80.;  81; -13.6; -13.2;
193.pdb       ; 7.9;  80.;  79; -15.1; -14.3;
194.pdb       ; 3.7;  80.;  89; -10.4;  -9.7;
195.pdb       ; 4.7; 160.;  85;  -9.7;  -9.7;
196.pdb       ; 6.7;  80.;  83; -13.9; -12.8;
197.pdb       ; 6.5;  80.;  85;  -9.0;  -8.8;
198.pdb       ; 4.6;  80.;  89; -14.9; -12.1;
199.pdb       ; 9.7; 140.;  67; -14.3; -14.2;
200.pdb       ; 1.4;  80.;  91;  -3.9;  -3.9;
201.pdb       ; 3.9; 100.;  80; -10.4;  -9.6;
202.pdb       ; 3.9;  80.;  87;  -8.0;  -6.5;
203.pdb       ; 1.9; 130.;  84;  -2.2;  -2.1;
204.pdb       ; 0.4;  80.;  72;  -1.4;  -1.3;
205.pdb       ; 1.0;  80.;  53;  -1.5;  -1.4;
206.pdb       ; 0.9;  80.;  63;  -1.3;  -1.2;
207.pdb       ; 3.4; 150.;  87;  -1.8;  -1.7;
208.pdb       ; 1.6;  80.;  39;  -1.8;  -1.8;
209.pdb       ; 6.7;  80.;  84;  -9.4;  -7.9;
210.pdb       ; 6.0;  80.;  87;  -9.6;  -9.1;
211.pdb       ; 5.3;  80.;  83;  -9.4;  -8.3;
212.pdb       ; 4.1;  80.;  86;  -6.9;  -6.6;
213.pdb       ; 8.4;  80.;  80; -11.6; -11.0;
214.pdb       ; 5.4;  90.;  76;  -8.6;  -8.4;
215.pdb       ; 4.7; 480.;  89; -11.4; -11.4;
216.pdb       ; 5.1;  80.;  86; -10.8; -10.3;
217.pdb       ; 7.0;  80.;  70;  -4.2;  -4.2;
218.pdb       ; 8.8;  80.;  72; -13.3; -13.3;
219.pdb       ; 0.6;  80.;  87;  -2.1;  -2.0;
220.pdb       ; 0.4;  80.;  85;  -1.7;  -1.5;
221.pdb       ; 4.5; 110.;  87;  -5.5;  -4.8;
222.pdb       ; 1.7;  80.;  84;  -2.0;  -1.8;
223.pdb       ; 1.2;  80.;  84;  -2.2;  -2.0;
224.pdb       ; 2.8;  80.;  85;  -7.4;  -6.2;
225.pdb       ; 5.1;  80.;  81;  -4.1;  -3.2;
226.pdb       ; 5.0;  80.;  79; -16.3; -16.2;
227.pdb       ; 2.5;  80.;  79;  -1.2;  -0.6;
228.pdb       ; 2.4;  80.;  74;  -3.8;  -3.2;
229.pdb       ; 2.1;  90.;  75;  -2.4;  -2.4;
230.pdb       ; 5.6; 130.;  87;  -6.4;  -6.3;
231.pdb       ; 2.3;  80.;  38;  -2.7;  -2.6;
232.pdb       ; 3.6;  80.;  86;  -5.5;  -5.2;
233.pdb       ; 3.4;  80.;  82;  -3.4;  -2.3;
234.pdb       ; 5.2; 120.;  88;  -6.1;  -5.7;
P0001.pdb     ;11.2;  80.;  67; -15.3; -15.3;
P0002.pdb     ; 5.6;  80.;  73; -11.8; -11.8;
P0003.pdb     ; 6.6;  80.;  74;  -6.6;  -6.4;
P0004.pdb     ;10.0;  80.;  64;  -7.6;  -7.0;
P0005.pdb     ; 6.6;  80.;  74;  -6.6;  -6.4;
P0006.pdb     ; 0.4;  80.;  75;  -1.3;  -1.2;
P0007.pdb     ; 5.4;  80.;  85;  -5.4;  -4.9;
P0008.pdb     ; 4.6;  80.;  72;  -5.6;  -5.3;
P0009.pdb     ;11.6;  90.;  75; -18.5; -18.0;
P0010.pdb     ; 6.2;  80.;  88;  -9.8;  -9.1;
P0011.pdb     ; 6.6;  80.;  78; -10.6; -10.2;
P0012.pdb     ; 2.3;  80.;  87;  -4.6;  -4.3;
P0013.pdb     ; 2.3;  80.;  87;  -4.6;  -4.3;
P0014.pdb     ;10.0; 100.;  73; -12.7; -12.5;
P0016.pdb     ; 8.5;  80.;  72; -10.7; -10.4;
P0017.pdb     ; 3.3;  80.;  82;  -7.8;  -7.1;
P0018.pdb     ; 4.4;  80.;  76;  -5.1;  -4.4;
P0019.pdb     ; 8.7;  80.;  74; -12.8; -12.1;
P0020.pdb     ; 9.1;  80.;  59;  -9.6;  -9.5;
P0021.pdb     ; 9.6;  80.;  73; -14.7; -14.6;
P0022.pdb     ; 5.4;  80.;  83; -12.5; -12.3;
P0023.pdb     ; 9.1;  80.;  62; -10.5;  -9.5;
P0024.pdb     ;11.0;  80.;  64; -14.2; -13.8;
P0025.pdb     ; 7.7; 210.;  78; -10.9; -10.9;
P0026.pdb     ; 9.6;  80.;  77; -16.2; -16.0;
P0027.pdb     ; 9.1;  80.;  62; -10.5;  -9.5;
P0028.pdb     ; 5.5;  80.;  61; -11.4; -10.9;
P0029.pdb     ; 2.8;  80.;  53;  -3.2;  -3.1;
P0030.pdb     ; 5.1;  80.;  84;  -5.0;  -4.8;
P0031.pdb     ; 2.8;  80.;  53;  -3.2;  -3.1;
P0032.pdb     ; 5.1;  80.;  84;  -5.0;  -4.8;
P0033.pdb     ; 3.0;  90.;  88; -13.2; -11.4;
P0034.pdb     ; 4.2; 110.;  89;  -6.9;  -5.2;
P0035.pdb     ; 3.4;  80.;  86;  -7.8;  -7.7;
P0036.pdb     ; 3.7; 530.;  82;  -9.5;  -9.5;
P0037.pdb     ; 3.0;  90.;  88; -13.2; -11.4;
P0038.pdb     ; 4.2; 110.;  89;  -6.9;  -5.2;
P0039.pdb     ; 3.4;  80.;  86;  -7.8;  -7.7;
P0040.pdb     ; 3.7; 530.;  82;  -9.5;  -9.5;
P0041.pdb     ;10.9;  80.;  74; -16.5; -16.0;
P0043.pdb     ; 8.8;  80.;  82; -23.9; -23.3;
P0044.pdb     ; 8.5;  80.;  88; -19.7; -18.9;
P0045.pdb     ;11.0;  80.;  76; -13.2; -12.5;
P0046.pdb     ;10.5;  80.;  80; -21.9; -20.0;
P0047.pdb     ; 9.3;  80.;  81; -21.9; -20.5;
P0048.pdb     ; 8.1;  80.;  77;  -9.9;  -9.7;
P0049.pdb     ; 3.0;  80.;  81; -10.3;  -9.0;
P0050.pdb     ;10.9;  80.;  74; -16.5; -16.0;
P0052.pdb     ; 8.8;  80.;  82; -23.9; -23.3;
P0053.pdb     ; 8.5;  80.;  88; -19.7; -18.9;
P0054.pdb     ;11.0;  80.;  76; -13.2; -12.5;
P0055.pdb     ;10.5;  80.;  80; -21.9; -20.0;
P0056.pdb     ; 9.3;  80.;  81; -21.9; -20.5;
P0057.pdb     ; 8.1;  80.;  77;  -9.9;  -9.7;
P0058.pdb     ; 3.0;  80.;  81; -10.3;  -9.0;
P0059.pdb     ; 9.2;  80.;  70; -10.9; -10.6;
P0060.pdb     ; 5.4;  80.;  88;  -9.5;  -9.3;
P0061.pdb     ; 4.5;  80.;  80;  -8.7;  -7.3;
P0062.pdb     ; 9.3;  80.;  71; -13.1; -12.8;
P0063.pdb     ; 9.6;  90.;  74; -12.1; -12.0;
P0064.pdb     ; 9.4;  80.;  75;  -9.9;  -8.8;
P0065.pdb     ; 5.4;  80.;  88;  -9.5;  -9.3;
P0066.pdb     ; 7.9;  80.;  88; -11.1; -10.8;
P0067.pdb     ; 6.6;  80.;  76;  -6.6;  -5.9;
P0068.pdb     ; 6.3; 100.;  85; -11.9; -11.2;
P0069.pdb     ; 8.6;  80.;  87; -17.9; -17.6;
P0070.pdb     ; 9.1;  80.;  85; -17.9; -17.1;
P0071.pdb     ; 5.5; 450.;  86;  -9.5;  -9.5;
P0072.pdb     ; 5.6;  80.;  87;  -8.4;  -8.2;
P0073.pdb     ; 5.7;  80.;  79;  -6.1;  -5.9;
P0075.pdb     ; 5.6;  80.;  71;  -6.4;  -6.2;
P0076.pdb     ; 3.1; 600.;  89;  -6.3;  -6.3;
P0078.pdb     ; 5.6;  90.;  76;  -7.5;  -7.3;
P0079.pdb     ; 2.5;  80.;  88;  -5.9;  -5.7;
P0080.pdb     ; 6.0; 590.;  80;  -5.5;  -5.4;
P0081.pdb     ; 9.8;  80.;  57; -12.7; -12.4;
P0082.pdb     ; 6.5; 100.;  51;  -6.6;  -6.4;
P0083.pdb     ; 7.6;  80.;  12;  -7.6;  -7.4;
P0084.pdb     ; 5.6; 110.;  59;  -6.6;  -6.4;
P0087.pdb     ; 8.7; 130.;  58;  -7.7;  -7.5;
P0088.pdb     ; 9.4;  80.;  66; -13.9; -13.5;
P0089.pdb     ;10.4;  80.;  59;  -9.7;  -8.9;
P0090.pdb     ; 8.0;  80.;  61; -11.1; -10.7;
P0091.pdb     ;11.0;  80.;  71; -20.9; -20.3;
P0092.pdb     ; 1.9;  80.;  86;  -3.8;  -3.4;
P0093.pdb     ; 4.3; 200.;  78;  -7.1;  -7.0;
P0094.pdb     ;11.0; 100.;  67;  -6.4;  -6.3;
P0095.pdb     ; 5.7;  80.;  44;  -7.2;  -7.2;
P0096.pdb     ; 9.6;  80.;  39;  -6.1;  -5.9;
P0097.pdb     ;10.2;  80.;  70; -12.1; -11.7;
P0098.pdb     ; 9.6;  80.;  85; -11.6; -11.3;
P0099.pdb     ;10.4;  80.;  81; -18.1; -18.0;
P0100.pdb     ; 1.7; 530.;  83;  -4.6;  -4.6;
P0101.pdb     ; 8.7;  80.;  64; -13.8; -12.6;
P0103.pdb     ; 6.7;  80.;  67;  -8.9;  -8.8;
P0104.pdb     ; 1.6;  80.;  58;  -2.9;  -2.8;
P0105.pdb     ; 2.8;  80.;  85;  -7.4;  -6.2;
P0106.pdb     ; 5.1;  80.;  81;  -4.1;  -3.2;
P0107.pdb     ;12.2;  80.;  70; -16.0; -14.9;
P0108.pdb     ; 4.8;  80.;  84;  -8.9;  -8.3;
P0109.pdb     ; 9.1; 390.;  75; -13.7; -13.6;
P0110.pdb     ; 8.4; 400.;  77; -11.4; -11.4;
P0111.pdb     ; 6.4;  80.;  90;  -8.6;  -7.8;
P0112.pdb     ; 8.1;  80.;  72;  -7.4;  -7.1;
P0113.pdb     ; 7.3;  80.;  84; -11.0;  -9.9;
P0114.pdb     ; 9.1;  80.;  71; -11.0; -10.8;
P0115.pdb     ; 8.2;  80.;  69;  -8.9;  -8.8;
P0117.pdb     ; 2.7;  80.;  30;  -3.5;  -3.4;
P0118.pdb     ; 4.0;  90.;  87;  -3.7;  -3.6;
P0119.pdb     ; 2.2; 270.;  77;  -6.5;  -6.5;
P0120.pdb     ; 2.7;  80.;  83;  -3.9;  -3.6;
P0122.pdb     ; 3.8;  90.;  83;  -4.2;  -3.9;
P0123.pdb     ; 2.1;  80.;  72;  -5.4;  -5.3;
P0124.pdb     ; 5.7;  80.;  72;  -4.6;  -4.1;
P0125.pdb     ; 2.5;  80.;  79;  -6.1;  -5.9;
P0126.pdb     ; 4.9;  80.;  68;  -5.1;  -4.7;
P0127.pdb     ; 6.1;  80.;  82;  -5.5;  -5.3;
P0128.pdb     ; 4.2;  80.;  81;  -5.7;  -5.6;
P0129.pdb     ; 3.4;  80.;  88;  -8.0;  -7.1;
P0130.pdb     ; 2.6;  90.;  87;  -5.9;  -5.2;
P0131.pdb     ; 3.6;  80.;  88;  -7.8;  -6.4;
P0132.pdb     ; 2.7; 180.;  88;  -9.1;  -9.0;
P0133.pdb     ; 4.5;  80.;  81;  -9.1;  -7.4;
P0134.pdb     ; 2.8; 190.;  84;  -7.1;  -6.8;
P0135.pdb     ; 4.4;  90.;  76;  -5.7;  -5.1;
P0136.pdb     ; 2.3; 140.;  88;  -6.0;  -5.8;
P0137.pdb     ; 3.7;  80.;  93; -10.7;  -7.5;
P0138.pdb     ; 3.4; 200.;  88; -11.3; -10.7;
P0139.pdb     ; 2.0; 300.;  90;  -7.0;  -6.9;
P0140.pdb     ; 1.6;  80.;  86;  -3.8;  -3.3;
P0141.pdb     ; 2.5;  80.;  85;  -4.5;  -4.4;
P0142.pdb     ; 2.2;  80.;  88;  -5.0;  -4.9;
P0143.pdb     ; 7.1;  80.;  79; -11.7; -11.6;
P0144.pdb     ; 7.9;  80.;  77; -15.4; -15.3;
P0145.pdb     ; 8.4; 400.;  80; -14.0; -13.8;
P0147.pdb     ; 2.1;  80.;  71;  -4.2;  -3.8;
P0149.pdb     ; 4.9;  80.;  89;  -6.3;  -5.5;
P0150.pdb     ;14.5;  80.;  45;  -9.8;  -9.8;
P0151.pdb     ; 2.6;  80.;  84;  -6.5;  -5.2;
P0152.pdb     ; 4.5;  80.;  89;  -5.8;  -5.6;
P0153.pdb     ;11.1;  80.;  56; -12.0; -11.5;
P0154.pdb     ; 6.5; 590.;  82;  -9.3;  -9.3;
P0156.pdb     ; 9.7;  80.;  85; -17.7; -16.8;
P0157.pdb     ; 6.4; 450.;  78;  -6.7;  -6.5;
P0158.pdb     ; 9.3; 120.;  78; -13.5; -13.4;
P0159.pdb     ; 9.7;  80.;  74; -12.5; -12.3;
P0160.pdb     ; 6.7;  90.;  73;  -7.0;  -6.2;
P0161.pdb     ; 8.8; 100.;  62; -13.0; -12.9;
P0162.pdb     ;10.8;  90.;  72; -17.0; -16.2;
P0163.pdb     ;10.5;  80.;  61; -13.5; -13.5;
P0164.pdb     ;13.9;  80.;  63; -16.8; -16.2;
P0165.pdb     ;15.6;  80.;  47; -16.4; -16.3;
P0166.pdb     ;12.1;  80.;  70; -15.3; -15.3;
P0168.pdb     ;11.9;  80.;  73; -15.7; -15.3;
P0169.pdb     ;15.2;  80.;  65; -21.0; -20.6;
P0170.pdb     ;15.6;  80.;  59; -15.2; -14.7;
P0171.pdb     ; 9.0;  80.;  70; -12.3; -11.9;
P0172.pdb     ; 8.9;  80.;  71; -10.6; -10.4;
P0173.pdb     ; 5.0;  80.;  83;  -8.8;  -8.6;
P0174.pdb     ; 8.1; 200.;  75; -11.0; -10.9;
P0175.pdb     ; 6.4;  80.;  90;  -8.6;  -7.8;
P0176.pdb     ; 7.3;  80.;  84; -11.0;  -9.9;
P0177.pdb     ; 8.0;  80.;  84; -11.0;  -8.3;
P0178.pdb     ; 4.5;  80.;  86;  -7.3;  -6.3;
P0180.pdb     ; 6.1;  80.;  88; -11.3; -10.0;
P0181.pdb     ; 3.6; 170.;  57;  -4.3;  -4.3;
P0182.pdb     ; 9.8;  80.;  77; -10.0;  -9.8;
P0183.pdb     ; 9.1; 100.;  55;  -7.7;  -7.7;
P0184.pdb     ; 5.2;  80.;  76;  -8.9;  -7.6;
P0185.pdb     ; 7.1;  80.;  80; -15.8; -13.5;
P0186.pdb     ; 7.4;  80.;  78;  -9.7;  -8.4;
P0188.pdb     ; 5.9;  80.;  87; -14.5; -13.7;
P0189.pdb     ; 7.0;  80.;  72;  -9.7;  -8.9;
P0190.pdb     ;10.5;  80.;  81; -11.9; -11.6;
P0191.pdb     ;10.3;  80.;  62; -11.6; -11.6;
P0192.pdb     ; 7.5;  80.;  81; -13.6; -13.2;
P0193.pdb     ; 7.9;  80.;  79; -15.1; -14.3;
P0194.pdb     ; 3.7;  80.;  89; -10.4;  -9.7;
P0195.pdb     ; 4.7; 160.;  85;  -9.7;  -9.7;
P0196.pdb     ; 6.7;  80.;  83; -13.9; -12.8;
P0197.pdb     ; 6.5;  80.;  85;  -9.0;  -8.8;
P0198.pdb     ; 4.6;  80.;  89; -14.9; -12.1;
P0199.pdb     ; 9.7; 140.;  67; -14.3; -14.2;
P0200.pdb     ; 1.4;  80.;  91;  -3.9;  -3.9;
P0201.pdb     ; 3.9; 100.;  80; -10.4;  -9.6;
P0202.pdb     ; 3.9;  80.;  87;  -8.0;  -6.5;
P0203.pdb     ; 1.9; 130.;  84;  -2.2;  -2.1;
P0204.pdb     ; 0.4;  80.;  72;  -1.4;  -1.3;
P0205.pdb     ; 1.0;  80.;  53;  -1.5;  -1.4;
P0206.pdb     ; 0.9;  80.;  63;  -1.3;  -1.2;
P0207.pdb     ; 3.4; 150.;  87;  -1.8;  -1.7;
P0208.pdb     ; 1.6;  80.;  39;  -1.8;  -1.8;
P0209.pdb     ; 6.7;  80.;  84;  -9.4;  -7.9;
P0210.pdb     ; 6.0;  80.;  87;  -9.6;  -9.1;
P0211.pdb     ; 5.3;  80.;  83;  -9.4;  -8.3;
P0212.pdb     ; 4.1;  80.;  86;  -6.9;  -6.6;
P0213.pdb     ; 8.4;  80.;  80; -11.6; -11.0;
P0214.pdb     ; 5.4;  90.;  76;  -8.6;  -8.4;
P0215.pdb     ; 4.7; 480.;  89; -11.4; -11.4;
P0216.pdb     ; 5.1;  80.;  86; -10.8; -10.3;
P0217.pdb     ; 7.0;  80.;  70;  -4.2;  -4.2;
P0218.pdb     ; 8.8;  80.;  72; -13.3; -13.3;
P0219.pdb     ; 0.6;  80.;  87;  -2.1;  -2.0;
P0220.pdb     ; 0.4;  80.;  85;  -1.7;  -1.5;
P0221.pdb     ; 4.5; 110.;  87;  -5.5;  -4.8;
P0222.pdb     ; 1.7;  80.;  84;  -2.0;  -1.8;
P0223.pdb     ; 1.2;  80.;  84;  -2.2;  -2.0;
P0224.pdb     ; 2.8;  80.;  85;  -7.4;  -6.2;
P0225.pdb     ; 5.1;  80.;  81;  -4.1;  -3.2;
P0226.pdb     ; 5.0;  80.;  79; -16.3; -16.2;
P0227.pdb     ; 2.5;  80.;  79;  -1.2;  -0.6;
P0228.pdb     ; 2.4;  80.;  74;  -3.8;  -3.2;
P0229.pdb     ; 2.1;  90.;  75;  -2.4;  -2.4;
P0230.pdb     ; 5.6; 130.;  87;  -6.4;  -6.3;
P0231.pdb     ; 2.3;  80.;  38;  -2.7;  -2.6;
P0232.pdb     ; 3.6;  80.;  86;  -5.5;  -5.2;
P0233.pdb     ; 3.4;  80.;  82;  -3.4;  -2.3;
P0234.pdb     ; 5.2; 120.;  88;  -6.1;  -5.7;
