0015.pdb      ; 5.5; 2.2;  78;   1; -10.2; -10.2;
0042.pdb      ; 9.5; 2.2;  81;   1; -14.1; -13.9;
0051.pdb      ; 9.5; 2.2;  81;   1; -14.1; -13.9;
0074.pdb      ; 4.6; 0.4;  89;   5;  -9.0;  -9.0;
0077.pdb      ; 5.3; 1.3;  70;  11;  -6.0;  -6.0;
0085.pdb      ; 0.8; 2.2;  67;   7;  -2.8;  -2.1;
0086.pdb      ; 0.4; 1.9;  97;  14;  -1.9;  -1.9;
0102.pdb      ; 5.5; 0.2;  73;   3;  -7.7;  -7.7;
0116.pdb      ; 3.3; 2.0; 102;   4;  -6.5;  -6.5;
0121.pdb      ; 2.7; 1.3; 117;  12;  -4.3;  -4.3;
0146.pdb      ;28.9; 1.4;   2;   4; -14.3; -14.1;
0148.pdb      ;28.3; 1.1;   7;   4; -13.5; -13.5;
015.pdb       ; 5.5; 2.2;  78;   1; -10.2; -10.2;
0155.pdb      ; 3.2; 2.4;  80;  14;  -5.0;  -4.8;
0167.pdb      ;10.1; 2.6;  60;  24; -11.7; -11.6;
0179.pdb      ; 5.8; 0.5;  88;   3;  -9.9;  -9.8;
0187.pdb      ; 7.4; 2.5; 128;   1; -11.2; -11.0;
042.pdb       ; 9.5; 2.2;  81;   1; -14.1; -13.9;
051.pdb       ; 9.5; 2.2;  81;   1; -14.1; -13.9;
074.pdb       ; 4.6; 0.4;  89;   5;  -9.0;  -9.0;
077.pdb       ; 5.3; 1.3;  70;  11;  -6.0;  -6.0;
085.pdb       ; 0.8; 2.2;  67;   7;  -2.8;  -2.1;
086.pdb       ; 0.4; 1.9;  97;  14;  -1.9;  -1.9;
102.pdb       ; 5.5; 0.2;  73;   3;  -7.7;  -7.7;
116.pdb       ; 3.3; 2.0; 102;   4;  -6.5;  -6.5;
121.pdb       ; 2.7; 1.3; 117;  12;  -4.3;  -4.3;
146.pdb       ;28.9; 1.4;   2;   4; -14.3; -14.1;
148.pdb       ;28.3; 1.1;   7;   4; -13.5; -13.5;
155.pdb       ; 3.2; 2.4;  80;  14;  -5.0;  -4.8;
167.pdb       ;10.1; 2.6;  60;  24; -11.7; -11.6;
179.pdb       ; 5.8; 0.5;  88;   3;  -9.9;  -9.8;
187.pdb       ; 7.4; 2.5; 128;   1; -11.2; -11.0;
P0015.pdb     ; 5.5; 2.2;  78;   1; -10.2; -10.2;
P0042.pdb     ; 9.5; 2.2;  81;   1; -14.1; -13.9;
P0051.pdb     ; 9.5; 2.2;  81;   1; -14.1; -13.9;
P0074.pdb     ; 4.6; 0.4;  89;   5;  -9.0;  -9.0;
P0077.pdb     ; 5.3; 1.3;  70;  11;  -6.0;  -6.0;
P0085.pdb     ; 0.8; 2.2;  67;   7;  -2.8;  -2.1;
P0086.pdb     ; 0.4; 1.9;  97;  14;  -1.9;  -1.9;
P0102.pdb     ; 5.5; 0.2;  73;   3;  -7.7;  -7.7;
P0116.pdb     ; 3.3; 2.0; 102;   4;  -6.5;  -6.5;
P0121.pdb     ; 2.7; 1.3; 117;  12;  -4.3;  -4.3;
P0146.pdb     ;28.9; 1.4;   2;   4; -14.3; -14.1;
P0148.pdb     ;28.3; 1.1;   7;   4; -13.5; -13.5;
P0155.pdb     ; 3.2; 2.4;  80;  14;  -5.0;  -4.8;
P0167.pdb     ;10.1; 2.6;  60;  24; -11.7; -11.6;
P0179.pdb     ; 5.8; 0.5;  88;   3;  -9.9;  -9.8;
P0187.pdb     ; 7.4; 2.5; 128;   1; -11.2; -11.0;
