********************************************************************************
STREME - Sensitive, Thorough, Rapid, Enriched Motif Elicitation
********************************************************************************
MEME version 5.5.9 (Release date: Fri Nov 21 15:33:51 2025 -0800)

For further information on how to interpret these results please access https://meme-suite.org/meme.
To get a copy of the MEME Suite software please access https://meme-suite.org.

********************************************************************************


********************************************************************************
REFERENCE
********************************************************************************
If you use this program in your research, please cite:

Timothy L. Bailey,
"STREME: accurate and versatile sequence motif discovery",
Bioinformatics, Mar. 24, 2021.
********************************************************************************


ALPHABET= ACDEFGHIKLMNPQRSTVWY

strands: +

Background letter frequencies
A 0.116 C 0.0075 D 0.0625 E 0.0617 F 0.0379 G 0.0783 H 0.0164 I 0.0427 K 0.0742 L 0.0973 M 0.0174 N 0.0368 P 0.0428 Q 0.0365 R 0.0731 S 0.0444 T 0.05 V 0.0565 W 0.0133 Y 0.0344 

MOTIF 1-KKLWKK STREME-1
letter-probability matrix: alength= 20 w= 6 nsites= 4929 E= 1.5e-419
 0.004714 0.216778 0.000001 0.000001 0.022385 0.032046 0.000236 0.010132 0.298884 0.058672 0.000000 0.000000 0.001414 0.001414 0.154686 0.001179 0.000707 0.013667 0.183083 0.000000
 0.000001 0.109446 0.005420 0.002121 0.005891 0.009426 0.001885 0.003770 0.430598 0.004242 0.000000 0.025213 0.007069 0.002121 0.117815 0.053959 0.032988 0.000001 0.166354 0.021678
 0.012254 0.129124 0.000001 0.000001 0.062790 0.007305 0.009661 0.134917 0.081999 0.170687 0.010603 0.000000 0.016966 0.000236 0.156337 0.014374 0.001414 0.052310 0.124412 0.014609
 0.032419 0.092366 0.005891 0.002828 0.088125 0.036400 0.004241 0.075637 0.071160 0.142298 0.006598 0.016259 0.021443 0.000000 0.133717 0.023092 0.031103 0.044647 0.154337 0.017437
 0.000001 0.114044 0.000236 0.004713 0.021207 0.010604 0.004006 0.000000 0.382530 0.031925 0.000236 0.017672 0.018615 0.020029 0.161642 0.044770 0.009897 0.000236 0.157635 0.000000
 0.004714 0.088004 0.001414 0.000001 0.028040 0.041471 0.013195 0.027333 0.335997 0.048283 0.000000 0.032046 0.011546 0.003770 0.126905 0.022385 0.030632 0.013196 0.160699 0.010368

MOTIF 2-FLGLLLKLIK STREME-2
letter-probability matrix: alength= 20 w= 10 nsites= 2303 E= 5.5e-203
 0.057006 0.000483 0.006764 0.000001 0.299512 0.058455 0.000483 0.193234 0.000001 0.258451 0.000000 0.000001 0.000484 0.000001 0.035750 0.000001 0.000001 0.075845 0.013527 0.000001
 0.066668 0.000000 0.000001 0.000001 0.128501 0.048310 0.000483 0.112076 0.017392 0.545402 0.000000 0.000001 0.006764 0.000001 0.000001 0.000001 0.000001 0.053623 0.020290 0.000484
 0.002901 0.000000 0.059420 0.000001 0.065700 0.162800 0.022705 0.051691 0.158452 0.122705 0.000000 0.000001 0.156036 0.007247 0.054107 0.112559 0.000001 0.023189 0.000483 0.000001
 0.145410 0.020290 0.000001 0.000001 0.126085 0.000002 0.032367 0.173910 0.106280 0.177293 0.000000 0.000001 0.026087 0.000001 0.005798 0.069565 0.067149 0.039614 0.007246 0.002899
 0.045412 0.000000 0.000001 0.000001 0.174876 0.000002 0.000000 0.224151 0.000001 0.303861 0.000000 0.000001 0.000001 0.000001 0.033817 0.000001 0.000001 0.207243 0.003382 0.007247
 0.135748 0.000000 0.000484 0.000484 0.088405 0.100966 0.005314 0.093236 0.111110 0.230432 0.007730 0.000001 0.023672 0.000001 0.008697 0.000001 0.031401 0.101448 0.021739 0.039130
 0.082609 0.029468 0.006764 0.011112 0.050724 0.176327 0.038647 0.026570 0.206761 0.057489 0.000000 0.067149 0.007247 0.005798 0.037199 0.151689 0.000001 0.043479 0.000966 0.000001
 0.131401 0.013043 0.000001 0.000001 0.028986 0.057488 0.005314 0.096617 0.036233 0.296614 0.044927 0.000001 0.011595 0.000001 0.003866 0.012078 0.073913 0.178258 0.009662 0.000001
 0.201448 0.000000 0.000001 0.000001 0.073912 0.054590 0.000483 0.277290 0.014011 0.250722 0.000000 0.001450 0.003382 0.000001 0.000001 0.000001 0.000001 0.117390 0.005314 0.000001
 0.070049 0.000000 0.001451 0.010146 0.017875 0.091787 0.016908 0.041546 0.215939 0.134782 0.000000 0.042029 0.019324 0.000001 0.042513 0.199997 0.053140 0.039131 0.003382 0.000001

MOTIF 3-CETDCDCPE STREME-3
letter-probability matrix: alength= 20 w= 9 nsites= 913 E= 1.1e-088
 0.000006 0.968088 0.008581 0.000003 0.000002 0.000004 0.000001 0.000002 0.000004 0.001230 0.000001 0.019609 0.000002 0.000002 0.000004 0.002453 0.000003 0.000003 0.000001 0.000002
 0.028191 0.001226 0.036766 0.223031 0.051470 0.000004 0.000001 0.071077 0.131125 0.031866 0.000001 0.042892 0.000002 0.088233 0.079657 0.041667 0.039216 0.091910 0.000001 0.041666
 0.006133 0.024509 0.062500 0.131124 0.012256 0.028189 0.029411 0.035540 0.046570 0.000005 0.000001 0.087007 0.019609 0.088233 0.053923 0.137250 0.192395 0.024511 0.000001 0.020834
 0.030642 0.000000 0.263470 0.187494 0.024510 0.033091 0.040440 0.015933 0.041668 0.030641 0.012255 0.063724 0.000002 0.055146 0.044119 0.034314 0.029413 0.056373 0.000001 0.036765
 0.094364 0.199745 0.084558 0.024512 0.014707 0.062501 0.000001 0.029412 0.093136 0.011034 0.000001 0.046568 0.000002 0.002453 0.148280 0.109065 0.049020 0.012257 0.000001 0.018383
 0.019613 0.044116 0.351701 0.036766 0.009805 0.124998 0.073526 0.033089 0.025738 0.039219 0.000001 0.078429 0.000002 0.026961 0.055148 0.042892 0.037991 0.000003 0.000001 0.000002
 0.143381 0.393363 0.014708 0.053922 0.007355 0.014709 0.029411 0.020834 0.071079 0.000005 0.000001 0.041666 0.023285 0.028187 0.056373 0.049019 0.022060 0.011032 0.000001 0.019609
 0.000006 0.100485 0.117644 0.063725 0.053921 0.017160 0.039215 0.022060 0.051472 0.024514 0.017157 0.060048 0.226706 0.066175 0.000004 0.031863 0.051471 0.000003 0.006128 0.050244
 0.008584 0.105387 0.044119 0.254892 0.012256 0.067403 0.030637 0.033089 0.158084 0.000005 0.000001 0.039216 0.052696 0.057597 0.060050 0.026962 0.000003 0.019610 0.003677 0.025736

MOTIF 4-PRPRPPPR STREME-4
letter-probability matrix: alength= 20 w= 8 nsites= 1283 E= 1.2e-071
 0.000893 0.176883 0.007113 0.000002 0.032000 0.000003 0.065776 0.057777 0.023113 0.007114 0.006223 0.019556 0.328878 0.000001 0.175107 0.016890 0.015112 0.021335 0.024000 0.022223
 0.000004 0.063998 0.016002 0.000002 0.051555 0.111999 0.045332 0.100442 0.014224 0.015114 0.004445 0.019556 0.177773 0.040889 0.201773 0.039111 0.011557 0.056000 0.000000 0.030222
 0.014226 0.000000 0.036445 0.023113 0.063110 0.123554 0.000001 0.084443 0.039112 0.036447 0.035555 0.009779 0.248881 0.000001 0.056889 0.098665 0.039112 0.052445 0.000000 0.038222
 0.000004 0.079108 0.002669 0.000002 0.048000 0.089777 0.039999 0.054222 0.044446 0.036447 0.011556 0.000001 0.070221 0.023112 0.268437 0.034667 0.136886 0.034667 0.016889 0.008890
 0.007115 0.030221 0.016002 0.015113 0.020445 0.031113 0.087997 0.079110 0.000003 0.030225 0.000001 0.024889 0.349322 0.014223 0.063111 0.078221 0.000002 0.095999 0.003556 0.053333
 0.000004 0.168883 0.002669 0.000002 0.077332 0.045335 0.069331 0.059555 0.009780 0.017781 0.000001 0.005334 0.241770 0.024889 0.087111 0.077332 0.028445 0.040889 0.031110 0.012445
 0.000004 0.082664 0.000002 0.005335 0.047111 0.040001 0.036444 0.073777 0.008002 0.030225 0.000001 0.005334 0.227549 0.018667 0.210662 0.034667 0.008002 0.076444 0.023111 0.071999
 0.000004 0.175994 0.000891 0.001780 0.048888 0.040001 0.033777 0.083554 0.003558 0.055113 0.000001 0.024889 0.157329 0.020445 0.237327 0.027556 0.005335 0.034667 0.019555 0.029334

MOTIF 5-VVAATYVL STREME-5
letter-probability matrix: alength= 20 w= 8 nsites= 1032 E= 7.8e-070
 0.074450 0.094560 0.002017 0.016100 0.014087 0.004030 0.000001 0.046277 0.034209 0.048294 0.006037 0.122729 0.030182 0.000003 0.000006 0.044266 0.022135 0.430552 0.010061 0.000003
 0.034212 0.171012 0.042255 0.022136 0.026158 0.044268 0.000001 0.000004 0.000006 0.048294 0.000001 0.032194 0.014087 0.004027 0.004030 0.072432 0.030183 0.446647 0.000001 0.008050
 0.549259 0.100596 0.008053 0.020124 0.002015 0.048292 0.000001 0.016099 0.024149 0.076461 0.004025 0.030182 0.000004 0.004027 0.010066 0.036218 0.024147 0.026159 0.010061 0.010062
 0.565355 0.040239 0.000005 0.026160 0.032194 0.102614 0.000001 0.002015 0.002018 0.004032 0.000001 0.010063 0.076456 0.004027 0.000006 0.090539 0.000004 0.044267 0.000001 0.000003
 0.028176 0.058346 0.004029 0.010065 0.038229 0.010066 0.024144 0.020123 0.030185 0.032199 0.038228 0.004027 0.030182 0.000003 0.004030 0.076456 0.555290 0.022136 0.004025 0.010062
 0.056343 0.233381 0.000005 0.004029 0.010063 0.062376 0.012073 0.008051 0.034209 0.096580 0.006037 0.016098 0.032194 0.002015 0.008054 0.038230 0.014088 0.034207 0.000001 0.331967
 0.028176 0.056334 0.022136 0.004029 0.048289 0.032197 0.008049 0.030182 0.058351 0.032199 0.010061 0.032194 0.010063 0.016098 0.058351 0.010063 0.000004 0.466766 0.000001 0.076455
 0.042260 0.142846 0.042255 0.018112 0.058348 0.096578 0.002013 0.018111 0.054328 0.372210 0.002013 0.016098 0.016099 0.006039 0.010066 0.028170 0.050302 0.008052 0.000001 0.016098

MOTIF 6-GTCDLLS STREME-6
letter-probability matrix: alength= 20 w= 7 nsites= 584 E= 7.7e-028
 0.137666 0.021031 0.036331 0.021036 0.045888 0.204579 0.005737 0.032506 0.072658 0.047805 0.000001 0.000003 0.038241 0.043976 0.028684 0.068832 0.047801 0.114718 0.015296 0.017210
 0.045895 0.000001 0.061186 0.038243 0.055448 0.007654 0.045887 0.108981 0.049715 0.061188 0.045887 0.000003 0.040153 0.032505 0.011477 0.084127 0.225607 0.051626 0.000001 0.034417
 0.000009 0.980802 0.000005 0.000005 0.000003 0.000006 0.000001 0.000003 0.000006 0.000008 0.000001 0.007651 0.000003 0.001915 0.000006 0.009563 0.000004 0.000005 0.000001 0.000003
 0.130018 0.017208 0.135749 0.072657 0.066919 0.084130 0.000001 0.057360 0.026772 0.074572 0.000001 0.026769 0.024858 0.030593 0.030596 0.045889 0.095599 0.043978 0.007649 0.028681
 0.066926 0.000001 0.030595 0.000005 0.026770 0.017213 0.000001 0.034417 0.131927 0.196933 0.030592 0.042065 0.038241 0.030593 0.112808 0.097510 0.047801 0.051626 0.021032 0.022945
 0.059278 0.003824 0.093688 0.051626 0.015298 0.072658 0.017208 0.061184 0.036332 0.227523 0.026768 0.108981 0.080303 0.015298 0.000006 0.072655 0.000004 0.042066 0.000001 0.015298
 0.000009 0.147216 0.053538 0.000005 0.000003 0.256200 0.057358 0.000003 0.019125 0.015303 0.034415 0.074567 0.000003 0.000003 0.000006 0.342232 0.000004 0.000005 0.000001 0.000003

MOTIF 7-MFTLKKSL STREME-7
letter-probability matrix: alength= 20 w= 8 nsites= 354 E= 2.8e-023
 0.000015 0.000001 0.000008 0.000008 0.047317 0.000010 0.000002 0.000006 0.000010 0.034709 0.627680 0.000005 0.000006 0.000005 0.000010 0.205026 0.066244 0.000007 0.018927 0.000005
 0.141952 0.000001 0.050475 0.000008 0.309113 0.047323 0.003156 0.000006 0.135639 0.009475 0.000002 0.000005 0.000006 0.000005 0.000010 0.104093 0.110402 0.088324 0.000002 0.000005
 0.066253 0.000001 0.000008 0.088325 0.059934 0.037860 0.000002 0.069397 0.066247 0.100946 0.000002 0.031546 0.063089 0.000005 0.028397 0.072552 0.315422 0.000007 0.000002 0.000005
 0.082023 0.000001 0.000008 0.009471 0.015776 0.000010 0.000002 0.123018 0.000010 0.346970 0.110398 0.041009 0.000006 0.000005 0.000010 0.050472 0.132481 0.088324 0.000002 0.000005
 0.022094 0.000001 0.000008 0.031550 0.000005 0.000010 0.000002 0.000006 0.498367 0.173492 0.000002 0.000005 0.041010 0.000005 0.072555 0.085168 0.044165 0.000007 0.031543 0.000005
 0.000015 0.000001 0.003162 0.091479 0.000005 0.000010 0.034698 0.000006 0.630842 0.000013 0.000002 0.100938 0.000006 0.009467 0.044168 0.059935 0.003161 0.000007 0.022081 0.000005
 0.031557 0.000001 0.000008 0.000008 0.151405 0.000010 0.000002 0.126172 0.028397 0.123025 0.000002 0.000005 0.050472 0.000005 0.000010 0.331193 0.078861 0.078861 0.000002 0.000005
 0.085178 0.000001 0.000008 0.000008 0.000005 0.000010 0.000002 0.075705 0.031551 0.359587 0.085165 0.000005 0.015776 0.000005 0.015780 0.066243 0.022086 0.192411 0.000002 0.050471

MOTIF 8-ALKAIAKAAKKLL STREME-8
letter-probability matrix: alength= 20 w= 13 nsites= 275 E= 8.4e-022
 0.217725 0.000001 0.012105 0.000010 0.124985 0.088708 0.000003 0.084670 0.064518 0.149185 0.000003 0.173364 0.000007 0.004038 0.016139 0.040323 0.000008 0.000010 0.016129 0.008069
 0.129030 0.000001 0.000011 0.000010 0.028227 0.060487 0.000003 0.080639 0.052423 0.387048 0.016129 0.000006 0.020165 0.000006 0.020170 0.000007 0.012103 0.056452 0.137076 0.000006
 0.153220 0.000001 0.000011 0.032263 0.000006 0.153213 0.000003 0.000007 0.503960 0.012111 0.000003 0.000006 0.000007 0.016132 0.048391 0.080639 0.000008 0.000010 0.000002 0.000006
 0.294325 0.000001 0.016137 0.048389 0.004038 0.209655 0.008066 0.008070 0.266097 0.036301 0.008066 0.000006 0.000007 0.004038 0.000012 0.004039 0.056451 0.000010 0.036286 0.000006
 0.249978 0.000001 0.000011 0.000010 0.028227 0.096771 0.000003 0.266091 0.020170 0.197564 0.024192 0.000006 0.024197 0.000006 0.000012 0.004039 0.000008 0.036294 0.052413 0.000006
 0.459620 0.000001 0.000011 0.000010 0.040322 0.056455 0.000003 0.000007 0.104834 0.237880 0.004035 0.000006 0.000007 0.000006 0.000012 0.000007 0.000008 0.068546 0.028223 0.000006
 0.262072 0.000001 0.020168 0.056452 0.000006 0.185466 0.000003 0.000007 0.282223 0.000016 0.000003 0.116922 0.012102 0.000006 0.048391 0.000007 0.016135 0.000010 0.000002 0.000006
 0.254009 0.000001 0.000011 0.032263 0.028227 0.100803 0.000003 0.048386 0.092739 0.185469 0.060477 0.012101 0.000007 0.000006 0.004044 0.012102 0.072577 0.088704 0.008065 0.000006
 0.487841 0.000001 0.000011 0.004042 0.000006 0.100803 0.000003 0.088702 0.052423 0.100806 0.008066 0.000006 0.008070 0.000006 0.000012 0.004039 0.000008 0.129020 0.016129 0.000006
 0.225788 0.000001 0.004042 0.000010 0.000006 0.262066 0.000003 0.000007 0.374949 0.016143 0.020161 0.028227 0.000007 0.016132 0.016139 0.020165 0.016135 0.000010 0.000002 0.000006
 0.120967 0.000001 0.036295 0.000010 0.000006 0.145150 0.008066 0.004039 0.560402 0.032269 0.000003 0.000006 0.000007 0.048385 0.024202 0.000007 0.000008 0.012104 0.008065 0.000006
 0.096777 0.000001 0.000011 0.024200 0.048385 0.145150 0.012097 0.165302 0.104834 0.290290 0.028224 0.000006 0.000007 0.000006 0.000012 0.008071 0.020166 0.040325 0.008065 0.008069
 0.165314 0.000001 0.000011 0.008074 0.048385 0.064518 0.000003 0.088702 0.120960 0.387048 0.000003 0.000006 0.012102 0.000006 0.000012 0.000007 0.000008 0.060483 0.036286 0.008069

MOTIF 9-KLKCKL STREME-9
letter-probability matrix: alength= 20 w= 6 nsites= 357 E= 3.1e-021
 0.015969 0.007979 0.002666 0.013303 0.005323 0.007987 0.021276 0.015960 0.707377 0.018626 0.000002 0.018619 0.071805 0.018619 0.005327 0.029257 0.026598 0.010643 0.000001 0.002663
 0.029265 0.000001 0.023940 0.045215 0.023938 0.047876 0.013298 0.093080 0.061172 0.452088 0.015958 0.007982 0.074465 0.002663 0.021282 0.007983 0.015961 0.050533 0.002661 0.010641
 0.042561 0.018616 0.037237 0.018622 0.000004 0.026601 0.005320 0.000005 0.603665 0.087767 0.007980 0.000004 0.010642 0.010641 0.058512 0.042553 0.010643 0.010643 0.007979 0.000004
 0.026606 0.404211 0.000007 0.047874 0.037234 0.029261 0.037232 0.002664 0.023942 0.252642 0.007980 0.005323 0.007983 0.007982 0.050534 0.002664 0.007983 0.045214 0.000001 0.002663
 0.007991 0.013297 0.015963 0.005325 0.029256 0.000009 0.029254 0.031916 0.550479 0.095745 0.045210 0.015960 0.018620 0.018619 0.005327 0.002664 0.007983 0.039895 0.007979 0.058508
 0.066495 0.042549 0.029259 0.013303 0.037234 0.007987 0.010639 0.061168 0.034579 0.473363 0.005320 0.034575 0.013301 0.021278 0.031919 0.002664 0.026598 0.077125 0.000001 0.010641

MOTIF 10-CPSDYP STREME-10
letter-probability matrix: alength= 20 w= 6 nsites= 253 E= 5.8e-018
 0.004807 0.961532 0.004796 0.009580 0.004791 0.000016 0.000003 0.000009 0.000015 0.000019 0.000003 0.000007 0.004792 0.000007 0.004798 0.000009 0.004794 0.000011 0.000003 0.000007
 0.019158 0.000001 0.052634 0.004796 0.028710 0.004799 0.000003 0.019143 0.004799 0.004803 0.023922 0.004791 0.617110 0.019142 0.047852 0.014360 0.076550 0.047849 0.000003 0.009574
 0.023942 0.000001 0.033499 0.004796 0.038277 0.023934 0.000003 0.000009 0.086122 0.023938 0.000003 0.124384 0.114818 0.000007 0.071771 0.354005 0.066982 0.028714 0.000003 0.004791
 0.057428 0.014353 0.339658 0.023931 0.023926 0.138744 0.047841 0.038278 0.009582 0.014371 0.004787 0.090898 0.023927 0.000007 0.000015 0.062197 0.033496 0.023930 0.004786 0.047844
 0.038293 0.000001 0.000012 0.019147 0.110033 0.023934 0.009571 0.004792 0.062203 0.114829 0.000003 0.004791 0.043062 0.076547 0.028717 0.019144 0.071766 0.033497 0.043056 0.296598
 0.076563 0.081325 0.110038 0.028715 0.009575 0.047853 0.019138 0.023927 0.019150 0.047857 0.028706 0.052628 0.272681 0.009575 0.014366 0.038279 0.057415 0.043065 0.000003 0.019142

MOTIF 11-GYKGGY STREME-11
letter-probability matrix: alength= 20 w= 6 nsites= 342 E= 8.7e-018
 0.000015 0.000001 0.000008 0.000008 0.000005 0.823839 0.056587 0.012580 0.053451 0.000013 0.000002 0.000005 0.000006 0.000005 0.022015 0.000006 0.012581 0.018869 0.000002 0.000005
 0.022020 0.056585 0.000008 0.000008 0.078594 0.146145 0.044012 0.000006 0.091173 0.000013 0.006289 0.034584 0.000006 0.015723 0.119466 0.100600 0.000007 0.000007 0.000002 0.284751
 0.015733 0.179185 0.000008 0.000008 0.003149 0.143296 0.056587 0.037729 0.254640 0.000013 0.012577 0.003148 0.044016 0.025153 0.102134 0.059734 0.040873 0.018869 0.000002 0.003148
 0.012590 0.000001 0.022013 0.000008 0.018866 0.657229 0.078592 0.006293 0.044020 0.000013 0.018864 0.012579 0.012580 0.000005 0.022015 0.091170 0.000007 0.000007 0.000002 0.003148
 0.000015 0.000001 0.000008 0.000008 0.003149 0.880423 0.000002 0.000006 0.000010 0.000013 0.000002 0.075451 0.000006 0.000005 0.000010 0.022011 0.018868 0.000007 0.000002 0.000005
 0.028307 0.053442 0.040875 0.000008 0.088025 0.047164 0.069161 0.012580 0.025158 0.000013 0.000002 0.037728 0.000006 0.031441 0.081954 0.116318 0.000007 0.040874 0.003145 0.323793

MOTIF 12-MAKILKFVY STREME-12
letter-probability matrix: alength= 20 w= 9 nsites= 186 E= 1.2e-017
 0.000025 0.000002 0.000013 0.000013 0.000008 0.000017 0.000003 0.010159 0.055841 0.000021 0.806939 0.015233 0.000009 0.020308 0.020316 0.040610 0.030461 0.000012 0.000003 0.000007
 0.451706 0.000002 0.040614 0.010163 0.000008 0.020317 0.000003 0.040610 0.030466 0.000021 0.005079 0.065984 0.015234 0.000008 0.000015 0.091361 0.126887 0.101513 0.000003 0.000007
 0.015250 0.000002 0.000013 0.137040 0.030458 0.000017 0.035529 0.015234 0.289295 0.010171 0.025379 0.065984 0.020309 0.243611 0.050766 0.000009 0.025386 0.025387 0.000003 0.010157
 0.000025 0.000002 0.015238 0.000013 0.055834 0.000017 0.010154 0.456765 0.025391 0.030471 0.015229 0.060909 0.000009 0.000008 0.000015 0.071060 0.203013 0.050763 0.000003 0.005082
 0.000025 0.005077 0.000013 0.005088 0.126885 0.005092 0.055829 0.162411 0.025391 0.218249 0.025379 0.000008 0.050760 0.035533 0.055841 0.091361 0.005086 0.086288 0.000003 0.045683
 0.030475 0.015227 0.000013 0.030463 0.020308 0.030467 0.000003 0.081210 0.431396 0.025396 0.152256 0.076134 0.000009 0.000008 0.025391 0.000009 0.020311 0.000012 0.000003 0.060908
 0.000025 0.020302 0.000013 0.000013 0.507515 0.050767 0.000003 0.060910 0.010166 0.116747 0.035529 0.020308 0.000009 0.000008 0.025391 0.045685 0.000011 0.010162 0.000003 0.096434
 0.025400 0.000002 0.000013 0.020313 0.203011 0.025392 0.000003 0.091360 0.040616 0.045696 0.010154 0.010158 0.000009 0.010158 0.010166 0.000009 0.025386 0.482143 0.000003 0.000007
 0.045700 0.101503 0.000013 0.000013 0.045684 0.025392 0.030454 0.010159 0.005091 0.000021 0.000004 0.050758 0.000009 0.000008 0.015241 0.015235 0.000011 0.005087 0.000003 0.649616

MOTIF 13-RIGQRIRD STREME-13
letter-probability matrix: alength= 20 w= 8 nsites= 292 E= 2.0e-015
 0.016407 0.006558 0.006565 0.013121 0.098352 0.078688 0.026228 0.085240 0.285217 0.000013 0.000002 0.016396 0.000006 0.013118 0.344225 0.000006 0.000007 0.009842 0.000002 0.000005
 0.055746 0.000001 0.000009 0.003287 0.013118 0.000011 0.006559 0.491742 0.009845 0.016405 0.013115 0.000005 0.000006 0.000005 0.072131 0.000006 0.003285 0.131137 0.183583 0.000005
 0.016407 0.000001 0.003287 0.029513 0.016396 0.298331 0.003280 0.065571 0.036071 0.068856 0.026228 0.000005 0.006562 0.104909 0.049184 0.019676 0.000007 0.249154 0.000002 0.006561
 0.039355 0.000001 0.019678 0.026234 0.000005 0.059019 0.000002 0.091797 0.055740 0.006570 0.026228 0.006562 0.000006 0.363890 0.242600 0.026232 0.000007 0.036068 0.000002 0.000005
 0.019685 0.032783 0.000009 0.000008 0.000005 0.013124 0.059011 0.049179 0.059018 0.049187 0.009837 0.186865 0.000006 0.009840 0.436016 0.000006 0.000007 0.065573 0.009837 0.000005
 0.000016 0.036062 0.000009 0.000008 0.000005 0.016402 0.006559 0.668767 0.013123 0.029517 0.000002 0.000005 0.000006 0.000005 0.036071 0.003284 0.019676 0.131137 0.032784 0.006561
 0.003294 0.000001 0.000009 0.003287 0.000005 0.000011 0.009837 0.013119 0.373730 0.006570 0.016394 0.029509 0.000006 0.009840 0.488468 0.022954 0.000007 0.016399 0.000002 0.006561
 0.039355 0.000001 0.354058 0.003287 0.016396 0.042628 0.006559 0.042623 0.226209 0.000013 0.000002 0.045900 0.000006 0.036066 0.098357 0.006563 0.022955 0.009842 0.049175 0.000005

MOTIF 14-VLNENI STREME-14
letter-probability matrix: alength= 20 w= 6 nsites= 314 E= 2.5e-014
 0.069860 0.036760 0.088231 0.014713 0.000006 0.150724 0.025734 0.047793 0.080881 0.047802 0.040438 0.047792 0.000007 0.044116 0.007363 0.000007 0.033091 0.231591 0.000002 0.033088
 0.033101 0.136010 0.047796 0.011037 0.047793 0.014716 0.062493 0.014710 0.047798 0.216893 0.029410 0.095579 0.025738 0.036765 0.011039 0.058821 0.029415 0.080879 0.000002 0.000005
 0.000018 0.180121 0.000010 0.051472 0.000006 0.000012 0.000003 0.000007 0.121316 0.000015 0.066169 0.378624 0.022062 0.000006 0.007363 0.000007 0.044119 0.025740 0.014706 0.088227
 0.044129 0.136010 0.000010 0.286730 0.029413 0.000012 0.047789 0.040442 0.000011 0.080885 0.000003 0.106607 0.007358 0.044116 0.062502 0.000007 0.000008 0.080879 0.029409 0.003681
 0.000018 0.260991 0.025741 0.000009 0.011034 0.000012 0.000003 0.000007 0.000011 0.000015 0.000003 0.676373 0.000007 0.000006 0.014715 0.000007 0.000008 0.011036 0.000002 0.000005
 0.121323 0.040436 0.003685 0.080879 0.036765 0.047799 0.000003 0.124987 0.102937 0.099264 0.003679 0.018385 0.047793 0.066172 0.029418 0.106608 0.000008 0.025740 0.000002 0.044116

MOTIF 15-KGAAKN STREME-15
letter-probability matrix: alength= 20 w= 6 nsites= 212 E= 3.0e-014
 0.000029 0.000002 0.000015 0.005896 0.005890 0.029424 0.000004 0.052939 0.776298 0.064714 0.041171 0.000009 0.000010 0.000009 0.000018 0.000011 0.023536 0.000014 0.000003 0.000008
 0.000029 0.023525 0.011777 0.064705 0.000009 0.394040 0.000004 0.000010 0.082351 0.005905 0.000004 0.199960 0.005891 0.094104 0.000018 0.000011 0.064702 0.052942 0.000003 0.000008
 0.388169 0.011764 0.000015 0.000015 0.088223 0.023543 0.000004 0.088224 0.011780 0.029428 0.058813 0.023533 0.017653 0.047056 0.047065 0.000011 0.000012 0.147037 0.005884 0.011770
 0.411692 0.064692 0.000015 0.005896 0.035295 0.194089 0.000004 0.064700 0.023542 0.123523 0.000004 0.000009 0.000010 0.000009 0.000018 0.052939 0.005893 0.011776 0.005884 0.000008
 0.070599 0.000002 0.000015 0.000015 0.000009 0.000019 0.023528 0.017653 0.793941 0.000024 0.000004 0.000009 0.000010 0.070580 0.005899 0.000011 0.017655 0.000014 0.000003 0.000008
 0.123528 0.041168 0.011777 0.117633 0.000009 0.111756 0.011766 0.000010 0.029423 0.000024 0.017647 0.388149 0.011772 0.064699 0.000018 0.029415 0.011774 0.005895 0.023527 0.000008

MOTIF 16-QHLLQL STREME-16
letter-probability matrix: alength= 20 w= 6 nsites= 191 E= 1.2e-013
 0.000028 0.046774 0.005862 0.000015 0.000009 0.000019 0.000004 0.017550 0.000018 0.122801 0.000004 0.040935 0.046783 0.684053 0.000018 0.000011 0.000012 0.000014 0.035082 0.000008
 0.000028 0.000002 0.000015 0.152025 0.000009 0.093564 0.315716 0.040936 0.000018 0.023410 0.000004 0.000009 0.134481 0.000009 0.099409 0.093555 0.040938 0.000014 0.005850 0.000008
 0.035108 0.052621 0.000015 0.029248 0.105247 0.000019 0.064316 0.058476 0.000018 0.350815 0.000004 0.000009 0.011703 0.052628 0.087716 0.035090 0.040938 0.023400 0.011696 0.040934
 0.000028 0.000002 0.017555 0.134485 0.081861 0.064331 0.029237 0.029243 0.029251 0.233885 0.000004 0.029242 0.181253 0.011702 0.000018 0.105248 0.000012 0.046786 0.005850 0.000008
 0.000028 0.046774 0.011708 0.046787 0.000009 0.111103 0.000004 0.000010 0.005865 0.000024 0.000004 0.000009 0.058476 0.648973 0.058483 0.000011 0.011705 0.000014 0.000003 0.000008
 0.064340 0.140318 0.000015 0.081866 0.000009 0.081870 0.000004 0.000010 0.000018 0.245578 0.000004 0.000009 0.064322 0.052628 0.122795 0.023397 0.000012 0.017553 0.029236 0.076013

MOTIF 17-RIRVAVIR STREME-17
letter-probability matrix: alength= 20 w= 8 nsites= 144 E= 1.8e-013
 0.033087 0.000003 0.000022 0.000021 0.000013 0.000027 0.000006 0.000015 0.041334 0.115696 0.000006 0.000013 0.000015 0.000013 0.776617 0.000015 0.000017 0.000019 0.033051 0.000012
 0.041348 0.000003 0.016545 0.008283 0.024798 0.000027 0.008267 0.652682 0.049595 0.090911 0.000006 0.000013 0.008276 0.016536 0.000025 0.000015 0.008279 0.000019 0.074359 0.000012
 0.024825 0.000003 0.008283 0.033068 0.000013 0.000027 0.000006 0.082631 0.016549 0.000034 0.000006 0.000013 0.016538 0.000013 0.817925 0.000015 0.000017 0.000019 0.000005 0.000012
 0.024825 0.000003 0.057853 0.016544 0.000013 0.049597 0.016529 0.066108 0.049595 0.000034 0.000006 0.000013 0.008276 0.016536 0.099165 0.000015 0.008279 0.586594 0.000005 0.000012
 0.644446 0.000003 0.008283 0.008283 0.000013 0.000027 0.000006 0.024800 0.024810 0.049603 0.000006 0.000013 0.008276 0.000013 0.082641 0.000015 0.000017 0.099159 0.049574 0.000012
 0.008302 0.000003 0.008283 0.033068 0.008275 0.008289 0.033052 0.000015 0.041334 0.090911 0.000006 0.000013 0.024800 0.000013 0.033072 0.000015 0.000017 0.685734 0.024789 0.000012
 0.016563 0.000003 0.008283 0.016544 0.024798 0.099166 0.016529 0.570066 0.024810 0.016557 0.000006 0.000013 0.008276 0.016536 0.099165 0.000015 0.016540 0.024804 0.041313 0.000012
 0.000040 0.000003 0.000022 0.008283 0.016536 0.000027 0.000006 0.000015 0.024810 0.033080 0.000006 0.000013 0.016538 0.000013 0.776617 0.008277 0.000017 0.000019 0.115667 0.000012

MOTIF 18-KKKKTK STREME-18
letter-probability matrix: alength= 20 w= 6 nsites= 126 E= 5.1e-012
 0.123891 0.000003 0.000023 0.000023 0.000014 0.000029 0.000006 0.070786 0.495420 0.070806 0.079623 0.000014 0.079632 0.000013 0.000027 0.053094 0.026557 0.000021 0.000005 0.000013
 0.000043 0.000003 0.008869 0.026562 0.000014 0.026568 0.008852 0.000016 0.557344 0.026575 0.000006 0.106169 0.150403 0.008860 0.000027 0.061940 0.017711 0.000021 0.000005 0.000013
 0.000043 0.000003 0.008869 0.000023 0.026553 0.000029 0.008852 0.000016 0.920042 0.000036 0.000006 0.000014 0.000016 0.008860 0.000027 0.026555 0.000018 0.000021 0.000005 0.000013
 0.044274 0.000003 0.000023 0.035408 0.115016 0.070799 0.000006 0.000016 0.468881 0.132730 0.000006 0.000014 0.000016 0.026552 0.000027 0.088479 0.000018 0.017713 0.000005 0.000013
 0.008889 0.000003 0.000023 0.035408 0.017707 0.123877 0.000006 0.044247 0.000027 0.176962 0.035392 0.000014 0.079632 0.008860 0.044258 0.115018 0.247715 0.044252 0.000005 0.017705
 0.000043 0.000003 0.008869 0.000023 0.000014 0.000029 0.026545 0.000016 0.645807 0.053114 0.061930 0.026552 0.000016 0.017706 0.000027 0.000016 0.000018 0.079637 0.070775 0.008859

MOTIF 19-YGNGVY STREME-19
letter-probability matrix: alength= 20 w= 6 nsites= 192 E= 9.4e-011
 0.012848 0.000002 0.025651 0.000016 0.000010 0.076923 0.012821 0.000011 0.000020 0.051294 0.000005 0.044870 0.006420 0.012827 0.006428 0.006420 0.000013 0.000015 0.000004 0.743400
 0.038482 0.000002 0.019242 0.000016 0.000010 0.531930 0.025639 0.057688 0.076922 0.006435 0.000005 0.006418 0.025646 0.012827 0.096148 0.064097 0.000013 0.012832 0.006412 0.019235
 0.000031 0.000002 0.000017 0.000016 0.019236 0.000021 0.057681 0.000011 0.032063 0.000026 0.012822 0.749809 0.000011 0.019235 0.019245 0.000012 0.064099 0.000015 0.006412 0.019235
 0.019257 0.140990 0.006425 0.006425 0.000010 0.461436 0.019230 0.064097 0.083331 0.064111 0.000005 0.019235 0.000011 0.000010 0.051288 0.057689 0.006422 0.000015 0.000004 0.000009
 0.025665 0.032045 0.064102 0.019242 0.019236 0.057698 0.000004 0.038463 0.025654 0.083337 0.019230 0.000010 0.025646 0.006418 0.083331 0.019237 0.000013 0.371711 0.102540 0.006418
 0.019257 0.089722 0.000017 0.025651 0.121772 0.051289 0.000004 0.044871 0.000020 0.032069 0.000005 0.006418 0.064097 0.012827 0.102556 0.032055 0.064099 0.000015 0.025638 0.307619

MOTIF 20-VVNDLL STREME-20
letter-probability matrix: alength= 20 w= 6 nsites= 75 E= 2.4e-010
 0.027128 0.000008 0.081060 0.000069 0.027039 0.000088 0.027015 0.027045 0.000084 0.027106 0.000020 0.027038 0.000048 0.000041 0.000082 0.000050 0.027053 0.728972 0.000015 0.000039
 0.027128 0.000008 0.000070 0.000069 0.000043 0.000088 0.000018 0.000048 0.000084 0.054103 0.000020 0.000041 0.000048 0.000041 0.027079 0.000050 0.000056 0.890951 0.000015 0.000039
 0.054124 0.000008 0.000070 0.000069 0.000043 0.000088 0.000018 0.000048 0.027080 0.054103 0.027016 0.782943 0.000048 0.027038 0.027079 0.000050 0.000056 0.000064 0.000015 0.000039
 0.027128 0.000008 0.270036 0.000069 0.054036 0.000088 0.027015 0.000048 0.081073 0.081099 0.000020 0.054035 0.081038 0.081031 0.000082 0.081040 0.054049 0.054057 0.054008 0.000039
 0.000131 0.027005 0.027067 0.000069 0.000043 0.000088 0.000018 0.000048 0.027080 0.648028 0.027016 0.081031 0.027045 0.054034 0.000082 0.000050 0.054049 0.027060 0.000015 0.000039
 0.027128 0.000008 0.000070 0.000069 0.054036 0.054081 0.000018 0.027045 0.054077 0.405059 0.027016 0.054035 0.054041 0.027038 0.000082 0.054043 0.054049 0.081053 0.027012 0.000039

MOTIF 21-AILSAI STREME-21
letter-probability matrix: alength= 20 w= 6 nsites= 260 E= 2.6e-010
 0.373904 0.012604 0.050422 0.033618 0.008409 0.075631 0.012606 0.025213 0.067228 0.075634 0.021008 0.021011 0.012610 0.042016 0.037821 0.037816 0.033616 0.033617 0.008404 0.016810
 0.021025 0.008403 0.012614 0.025216 0.004208 0.025219 0.004204 0.760378 0.016817 0.033625 0.000003 0.004207 0.000007 0.008408 0.021018 0.016812 0.012612 0.016814 0.004203 0.004207
 0.063035 0.016805 0.016815 0.029417 0.033614 0.063028 0.025209 0.033615 0.058826 0.407509 0.004204 0.042016 0.033615 0.016810 0.008415 0.033615 0.025214 0.046220 0.016806 0.025212
 0.033628 0.004202 0.021016 0.029417 0.004208 0.037822 0.008405 0.016811 0.054625 0.037826 0.016807 0.033614 0.025213 0.008408 0.016817 0.609145 0.025214 0.008412 0.004203 0.004207
 0.331895 0.016805 0.025217 0.012614 0.033614 0.075631 0.054615 0.042017 0.063027 0.037826 0.008405 0.037815 0.042017 0.021011 0.029419 0.021013 0.067224 0.050421 0.012605 0.016810
 0.021025 0.004202 0.025217 0.016815 0.008409 0.025219 0.000003 0.705766 0.025219 0.054629 0.004204 0.008408 0.000007 0.008408 0.008415 0.004209 0.033616 0.033617 0.000002 0.012609

MOTIF 22-FLSLFL STREME-22
letter-probability matrix: alength= 20 w= 6 nsites= 295 E= 1.1e-009
 0.015283 0.022898 0.003826 0.007642 0.698368 0.019093 0.000003 0.030536 0.007644 0.045810 0.019084 0.015271 0.003823 0.003822 0.026725 0.003823 0.022905 0.038171 0.000002 0.015270
 0.061077 0.007634 0.022907 0.022907 0.064881 0.045807 0.000003 0.053433 0.022909 0.499936 0.015268 0.019087 0.015272 0.022903 0.026725 0.026720 0.019089 0.030538 0.000002 0.022903
 0.034364 0.003817 0.022907 0.007642 0.022903 0.015277 0.015267 0.015272 0.053438 0.022913 0.011451 0.011454 0.003823 0.003822 0.041990 0.637310 0.030537 0.015274 0.000002 0.030535
 0.034364 0.000001 0.022907 0.030539 0.011455 0.026726 0.015267 0.045801 0.061071 0.511384 0.026716 0.022903 0.030536 0.019087 0.030541 0.034353 0.034354 0.034355 0.003818 0.003822
 0.019099 0.003817 0.000010 0.007642 0.744162 0.011461 0.015267 0.038169 0.007644 0.034361 0.003819 0.007638 0.015272 0.000006 0.015276 0.026720 0.011457 0.011458 0.011451 0.015270
 0.041997 0.007634 0.011459 0.015275 0.068697 0.068704 0.019084 0.049617 0.076336 0.400715 0.011451 0.061065 0.030536 0.022903 0.015276 0.022904 0.019089 0.034355 0.003818 0.019086

MOTIF 23-GLLSRL STREME-23
letter-probability matrix: alength= 20 w= 6 nsites= 150 E= 2.6e-009
 0.000035 0.036395 0.000019 0.036412 0.000012 0.635788 0.000005 0.014570 0.036416 0.000030 0.000005 0.000011 0.000013 0.000011 0.240217 0.000013 0.000015 0.000017 0.000004 0.000010
 0.000035 0.007281 0.000019 0.000019 0.000012 0.021860 0.000005 0.036406 0.000023 0.934218 0.000005 0.000011 0.000013 0.000011 0.000022 0.000013 0.000015 0.000017 0.000004 0.000010
 0.109215 0.007281 0.000019 0.000019 0.014569 0.000024 0.000005 0.060765 0.000023 0.735172 0.043677 0.000011 0.000013 0.000011 0.000022 0.000013 0.007294 0.021853 0.000004 0.000010
 0.029150 0.000002 0.007298 0.000019 0.000012 0.126284 0.000005 0.000013 0.167431 0.014587 0.000005 0.058240 0.036406 0.007290 0.152874 0.371224 0.021851 0.000017 0.007283 0.000010
 0.000035 0.000002 0.000019 0.000019 0.000012 0.269333 0.072791 0.000013 0.065530 0.000030 0.029120 0.065519 0.000013 0.036404 0.356675 0.060766 0.043687 0.000017 0.000004 0.000010
 0.000035 0.014560 0.000019 0.000019 0.000012 0.000024 0.007284 0.167422 0.014580 0.672187 0.000005 0.000011 0.007292 0.000011 0.000022 0.014571 0.029130 0.072804 0.000004 0.000010

MOTIF 24-DEGEMTEEEKK STREME-24
letter-probability matrix: alength= 20 w= 11 nsites= 134 E= 2.7e-009
 0.000036 0.000002 0.477483 0.283513 0.000012 0.029866 0.014926 0.000013 0.000023 0.000030 0.007466 0.111917 0.014934 0.022392 0.000023 0.029855 0.000016 0.007478 0.000004 0.000011
 0.007497 0.000002 0.119385 0.305894 0.000012 0.231296 0.000005 0.000013 0.014944 0.014951 0.014926 0.014932 0.111919 0.096996 0.000023 0.044776 0.000016 0.000018 0.000004 0.022392
 0.022417 0.000002 0.156687 0.149226 0.000012 0.343201 0.029847 0.067157 0.029865 0.000030 0.000005 0.067155 0.000013 0.000011 0.059706 0.000014 0.000016 0.074621 0.000004 0.000011
 0.044798 0.000002 0.097004 0.611769 0.000012 0.044787 0.000005 0.000013 0.134310 0.000030 0.000005 0.037313 0.007474 0.000011 0.000023 0.000014 0.007476 0.014938 0.000004 0.000011
 0.089561 0.000002 0.089544 0.089544 0.007472 0.022405 0.007465 0.037315 0.119389 0.014951 0.253658 0.000011 0.000013 0.000011 0.097007 0.000014 0.029857 0.141765 0.000004 0.000011
 0.037338 0.000002 0.149227 0.082083 0.000012 0.000024 0.000005 0.059696 0.134310 0.029872 0.022387 0.059694 0.000013 0.044774 0.022404 0.000014 0.246208 0.097002 0.000004 0.014931
 0.037338 0.000002 0.014940 0.462562 0.000012 0.007485 0.000005 0.007474 0.044785 0.000030 0.000005 0.007472 0.000013 0.082075 0.014943 0.104459 0.029857 0.186527 0.000004 0.000011
 0.007497 0.000002 0.000019 0.850501 0.000012 0.044787 0.000005 0.000013 0.000023 0.000030 0.000005 0.000011 0.000013 0.044774 0.000023 0.044776 0.007476 0.000018 0.000004 0.000011
 0.000036 0.014923 0.000019 0.514784 0.000012 0.014945 0.000005 0.059696 0.000023 0.052253 0.000005 0.000011 0.000013 0.007472 0.007483 0.000014 0.000016 0.320813 0.000004 0.007471
 0.052259 0.000002 0.000019 0.223830 0.000012 0.000024 0.000005 0.037315 0.335739 0.000030 0.044768 0.037313 0.000013 0.014932 0.014943 0.022395 0.000016 0.216368 0.000004 0.000011
 0.000036 0.000002 0.000019 0.000019 0.000012 0.000024 0.000005 0.007474 0.544630 0.029872 0.000005 0.029853 0.000013 0.014932 0.373041 0.000014 0.000016 0.000018 0.000004 0.000011

MOTIF 25-FALVCQ STREME-25
letter-probability matrix: alength= 20 w= 6 nsites= 123 E= 8.7e-008
 0.056846 0.056795 0.000030 0.011387 0.306691 0.136336 0.000008 0.000020 0.056826 0.034121 0.000008 0.034092 0.045453 0.079525 0.000035 0.102245 0.011382 0.000027 0.000006 0.068166
 0.443027 0.022720 0.011388 0.000029 0.000018 0.011395 0.000008 0.000020 0.000035 0.068196 0.000008 0.000017 0.147678 0.034092 0.079542 0.000021 0.011382 0.022743 0.045439 0.102241
 0.022772 0.000004 0.011388 0.034104 0.000018 0.022754 0.045441 0.011378 0.011393 0.488451 0.000008 0.045450 0.045453 0.102242 0.034109 0.090887 0.000024 0.011385 0.000006 0.022733
 0.022772 0.034078 0.045463 0.011387 0.000018 0.102261 0.000008 0.011378 0.000035 0.079554 0.000008 0.000017 0.034095 0.000017 0.045468 0.079529 0.124964 0.408924 0.000006 0.000016
 0.000055 0.965455 0.011388 0.000029 0.000018 0.000037 0.000008 0.000020 0.011393 0.000046 0.011366 0.000017 0.000020 0.000017 0.000035 0.000021 0.000024 0.000027 0.000006 0.000016
 0.056846 0.011362 0.011388 0.045462 0.011376 0.079545 0.000008 0.056812 0.011393 0.034121 0.022725 0.000017 0.113603 0.352123 0.045468 0.022738 0.000024 0.068176 0.045439 0.011375

MOTIF 26-QIGTCGG STREME-26
letter-probability matrix: alength= 20 w= 7 nsites= 106 E= 3.2e-007
 0.064539 0.021499 0.053767 0.021523 0.043008 0.032279 0.000007 0.000019 0.043025 0.129018 0.000008 0.000016 0.021515 0.268713 0.000033 0.010768 0.064510 0.107504 0.064493 0.053755
 0.043044 0.000003 0.021524 0.000028 0.000017 0.172001 0.053747 0.343951 0.000033 0.021539 0.000008 0.032260 0.043011 0.021512 0.064520 0.107499 0.064510 0.010773 0.000006 0.000015
 0.000052 0.032247 0.021524 0.000028 0.032261 0.591168 0.000007 0.032263 0.043025 0.086027 0.000008 0.000016 0.032263 0.021512 0.021528 0.000020 0.032266 0.000025 0.053745 0.000015
 0.043044 0.000003 0.010776 0.043019 0.053756 0.000035 0.010755 0.032263 0.064520 0.000044 0.000008 0.000016 0.064506 0.010764 0.075268 0.053759 0.365450 0.150495 0.000006 0.021511
 0.000052 0.988807 0.000028 0.000028 0.000017 0.000035 0.000007 0.000019 0.000033 0.000044 0.000008 0.000016 0.000019 0.000016 0.000033 0.010768 0.000022 0.000025 0.000006 0.000015
 0.000052 0.010751 0.000028 0.032271 0.086000 0.279480 0.064495 0.000019 0.000033 0.129018 0.000008 0.032260 0.010767 0.043008 0.010781 0.107499 0.139745 0.010773 0.010754 0.032259
 0.053791 0.096734 0.064515 0.021523 0.032261 0.118262 0.032251 0.010767 0.043025 0.043035 0.000008 0.096747 0.021515 0.000016 0.032276 0.064507 0.021518 0.118252 0.032250 0.096746

MOTIF 27-AKAKAAK STREME-27
letter-probability matrix: alength= 20 w= 7 nsites= 61 E= 3.5e-006
 0.684746 0.000006 0.000048 0.000048 0.037038 0.000060 0.000013 0.000033 0.092578 0.018579 0.000013 0.111054 0.000033 0.018532 0.000056 0.018538 0.000039 0.000044 0.018514 0.000027
 0.092611 0.000006 0.000048 0.000048 0.037038 0.037069 0.000013 0.111058 0.610697 0.018579 0.000013 0.000028 0.018537 0.000028 0.018561 0.018538 0.018543 0.018548 0.000010 0.000027
 0.610729 0.018510 0.000048 0.018552 0.000029 0.018565 0.018517 0.055546 0.018561 0.018579 0.018518 0.000028 0.018537 0.055541 0.037065 0.018538 0.055551 0.018548 0.000010 0.000027
 0.129619 0.000006 0.000048 0.055560 0.000029 0.000060 0.000013 0.018537 0.647705 0.000075 0.000013 0.000028 0.037041 0.000028 0.000056 0.000034 0.000039 0.092565 0.000010 0.018531
 0.462695 0.000006 0.000048 0.018552 0.037038 0.037069 0.000013 0.018537 0.111083 0.037084 0.000013 0.055541 0.055546 0.000028 0.000056 0.092555 0.037047 0.037052 0.000010 0.000027
 0.444191 0.018510 0.000048 0.000048 0.000029 0.000060 0.111038 0.000033 0.166595 0.055588 0.018518 0.000028 0.000033 0.000028 0.111082 0.074051 0.000039 0.000044 0.000010 0.000027
 0.000090 0.000006 0.000048 0.000048 0.000029 0.018565 0.000013 0.000033 0.888260 0.000075 0.000013 0.000028 0.000033 0.000028 0.000056 0.055547 0.000039 0.000044 0.018514 0.018531

MOTIF 28-QRNMRKVR STREME-28
letter-probability matrix: alength= 20 w= 8 nsites= 79 E= 3.5e-006
 0.000067 0.000004 0.013917 0.027797 0.013903 0.111092 0.000009 0.083310 0.069447 0.000056 0.000010 0.000021 0.000025 0.347042 0.124970 0.124953 0.041671 0.027794 0.013889 0.000020
 0.000067 0.000004 0.027798 0.013917 0.041664 0.000045 0.000009 0.000025 0.069447 0.000056 0.000010 0.097187 0.000025 0.013902 0.541395 0.000026 0.000029 0.069437 0.124935 0.000020
 0.027829 0.069409 0.013917 0.013917 0.000022 0.000045 0.000009 0.166595 0.041686 0.000056 0.000010 0.374804 0.013906 0.000021 0.124970 0.000026 0.097195 0.041675 0.000008 0.013901
 0.000067 0.083289 0.000036 0.000036 0.013903 0.083330 0.000009 0.083310 0.111090 0.111103 0.277627 0.055545 0.013906 0.013902 0.013923 0.041668 0.000029 0.069437 0.000008 0.027782
 0.138876 0.000004 0.000036 0.027797 0.013903 0.069450 0.000009 0.013906 0.111090 0.000056 0.000010 0.000021 0.000025 0.000021 0.583038 0.013907 0.000029 0.013914 0.013889 0.000020
 0.000067 0.000004 0.000036 0.027797 0.000022 0.000045 0.000009 0.069429 0.680205 0.027818 0.000010 0.000021 0.000025 0.124949 0.027804 0.000026 0.000029 0.000033 0.000008 0.041662
 0.000067 0.027766 0.000036 0.000036 0.000022 0.027807 0.000009 0.000025 0.000043 0.083341 0.013891 0.055545 0.000025 0.027783 0.180493 0.000026 0.000029 0.527505 0.055531 0.000020
 0.013948 0.000004 0.000036 0.013917 0.000022 0.208258 0.000009 0.041667 0.000043 0.000056 0.000010 0.000021 0.000025 0.124949 0.596919 0.000026 0.000029 0.000033 0.000008 0.000020

MOTIF 29-ARNIYNVCR STREME-29
letter-probability matrix: alength= 20 w= 9 nsites= 99 E= 3.5e-006
 0.395214 0.000004 0.000030 0.000030 0.034885 0.162750 0.000008 0.000021 0.116259 0.000047 0.046498 0.000018 0.069754 0.058129 0.034902 0.000022 0.081380 0.000027 0.000006 0.000017
 0.011679 0.000004 0.000030 0.069764 0.000018 0.000038 0.058119 0.000021 0.162748 0.162759 0.034875 0.000018 0.000021 0.000018 0.464926 0.000022 0.034891 0.000027 0.000006 0.000017
 0.000056 0.185960 0.000030 0.046519 0.034885 0.000038 0.000008 0.000021 0.023281 0.034914 0.000008 0.476531 0.000021 0.000018 0.011658 0.023266 0.116247 0.000027 0.046496 0.000017
 0.046545 0.092982 0.000030 0.000030 0.034885 0.034905 0.000008 0.255711 0.000036 0.000047 0.034875 0.127863 0.034888 0.034885 0.058147 0.046511 0.093002 0.093006 0.000006 0.011639
 0.000056 0.000004 0.127875 0.000030 0.081374 0.000038 0.011630 0.046510 0.011658 0.093025 0.000008 0.127863 0.000021 0.000018 0.000035 0.104622 0.000024 0.000027 0.000006 0.395174
 0.046545 0.000004 0.046519 0.058141 0.000018 0.104638 0.000008 0.000021 0.104636 0.023292 0.000008 0.499775 0.000021 0.000018 0.093014 0.023266 0.000024 0.000027 0.000006 0.000017
 0.127901 0.000004 0.034897 0.000030 0.034885 0.046527 0.081364 0.127866 0.034903 0.046536 0.000008 0.023262 0.058132 0.000018 0.093014 0.000022 0.139491 0.151117 0.000006 0.000017
 0.034923 0.581117 0.000030 0.000030 0.000018 0.000038 0.000008 0.058132 0.000036 0.034914 0.000008 0.000018 0.116243 0.000018 0.000035 0.046511 0.058136 0.069761 0.000006 0.000017
 0.000056 0.104604 0.000030 0.023274 0.058130 0.081394 0.023252 0.000021 0.000036 0.116270 0.000008 0.000018 0.000021 0.046507 0.360326 0.000022 0.000024 0.104628 0.000006 0.081373

MOTIF 30-KILGRK STREME-30
letter-probability matrix: alength= 20 w= 6 nsites= 134 E= 2.8e-005
 0.000036 0.014704 0.007370 0.014720 0.000012 0.000024 0.000005 0.000013 0.551324 0.036783 0.000005 0.000011 0.000013 0.154376 0.000022 0.007364 0.029418 0.183785 0.000004 0.000011
 0.000036 0.000002 0.000019 0.000019 0.000012 0.000024 0.022057 0.860043 0.000023 0.000030 0.000005 0.044115 0.000013 0.000011 0.000022 0.000014 0.000015 0.073524 0.000004 0.000011
 0.000036 0.000002 0.007370 0.095578 0.080869 0.007375 0.000005 0.000013 0.213193 0.227901 0.000005 0.066167 0.088221 0.117622 0.000022 0.000014 0.058821 0.029420 0.000004 0.007361
 0.000036 0.000002 0.022071 0.117630 0.036765 0.492520 0.000005 0.000013 0.014724 0.000030 0.000005 0.000011 0.000013 0.117622 0.014724 0.000014 0.095574 0.007368 0.044108 0.036764
 0.007386 0.000002 0.007370 0.073526 0.000012 0.014725 0.058811 0.036767 0.051478 0.036783 0.029408 0.014713 0.022065 0.000011 0.213192 0.095573 0.044119 0.117628 0.000004 0.176427
 0.000036 0.029405 0.000019 0.036772 0.022064 0.000024 0.000005 0.000013 0.279349 0.264655 0.000005 0.000011 0.036767 0.000011 0.058828 0.088222 0.132328 0.000017 0.022056 0.029413

MOTIF 31-VVGQAATI STREME-31
letter-probability matrix: alength= 20 w= 8 nsites= 128 E= 3.9e-005
 0.046898 0.000002 0.023450 0.007830 0.054682 0.093745 0.023435 0.031254 0.000024 0.039081 0.031245 0.039062 0.023444 0.070302 0.000024 0.023444 0.031256 0.460806 0.000004 0.000011
 0.046898 0.000002 0.039070 0.007830 0.023442 0.007835 0.000005 0.124973 0.000024 0.039081 0.000006 0.000012 0.062494 0.000012 0.000024 0.007824 0.039066 0.577955 0.023434 0.000011
 0.062518 0.000002 0.000020 0.062500 0.000012 0.601392 0.007815 0.023444 0.000024 0.000032 0.000006 0.070302 0.031254 0.015632 0.000024 0.000014 0.093736 0.031258 0.000004 0.000011
 0.070327 0.000002 0.007830 0.054690 0.007822 0.132795 0.000005 0.039064 0.007834 0.000032 0.007816 0.140591 0.000014 0.374890 0.015644 0.078114 0.015636 0.023448 0.000004 0.023441
 0.492065 0.000002 0.007830 0.000020 0.000012 0.124985 0.000005 0.000014 0.039074 0.062511 0.000006 0.007822 0.046874 0.023442 0.000024 0.031254 0.078116 0.046878 0.039054 0.000011
 0.289006 0.000002 0.023450 0.023450 0.000012 0.070315 0.000005 0.046874 0.070314 0.015652 0.015626 0.039062 0.000014 0.062492 0.015644 0.085924 0.109356 0.093738 0.031244 0.007821
 0.148427 0.023432 0.000020 0.000020 0.023442 0.000026 0.000005 0.007824 0.031264 0.039081 0.000006 0.000012 0.007824 0.085921 0.046884 0.187453 0.398324 0.000018 0.000004 0.000011
 0.039088 0.117152 0.000020 0.000020 0.000012 0.000026 0.000005 0.632620 0.000024 0.007842 0.007816 0.000012 0.000014 0.000012 0.000024 0.078114 0.000016 0.101548 0.015624 0.000011

MOTIF 32-FVGEIMNS STREME-32
letter-probability matrix: alength= 20 w= 8 nsites= 62 E= 3.9e-005
 0.124994 0.000006 0.035734 0.000046 0.553188 0.000058 0.000012 0.000032 0.000055 0.000072 0.000013 0.000027 0.107095 0.000027 0.000054 0.000033 0.053569 0.000042 0.071385 0.053557
 0.000087 0.000006 0.000047 0.000046 0.000028 0.089278 0.000012 0.053563 0.000055 0.000072 0.053545 0.000027 0.000032 0.000027 0.000054 0.160628 0.214163 0.428295 0.000010 0.000026
 0.142837 0.000006 0.071422 0.000046 0.000028 0.249872 0.000012 0.000032 0.160650 0.000072 0.000013 0.035715 0.000032 0.231997 0.000054 0.000033 0.107100 0.000042 0.000010 0.000026
 0.000087 0.035693 0.000047 0.374767 0.000028 0.107121 0.000012 0.107095 0.071431 0.000072 0.000013 0.000027 0.000032 0.035715 0.000054 0.000033 0.249851 0.017886 0.000010 0.000026
 0.107150 0.000006 0.000047 0.000046 0.000028 0.089278 0.000012 0.499660 0.124962 0.000072 0.000013 0.000027 0.000032 0.000027 0.053586 0.000033 0.124944 0.000042 0.000010 0.000026
 0.000087 0.000006 0.035734 0.214172 0.000028 0.000058 0.000012 0.178470 0.000055 0.000072 0.231983 0.196310 0.000032 0.000027 0.000054 0.107096 0.000037 0.035730 0.000010 0.000026
 0.000087 0.000006 0.053578 0.000046 0.000028 0.196341 0.000012 0.000032 0.053587 0.000072 0.000013 0.642406 0.000032 0.017871 0.000054 0.000033 0.035725 0.000042 0.000010 0.000026
 0.107150 0.000006 0.000047 0.000046 0.124935 0.000058 0.000012 0.000032 0.000055 0.000072 0.000013 0.035715 0.267690 0.000027 0.000054 0.285535 0.000037 0.107105 0.000010 0.071401

MOTIF 33-GLTGGNA STREME-33
letter-probability matrix: alength= 20 w= 7 nsites= 74 E= 4.1e-005
 0.000063 0.000004 0.013014 0.038973 0.090880 0.428382 0.000009 0.000023 0.000040 0.000053 0.012989 0.000020 0.000023 0.000020 0.000040 0.168764 0.013007 0.233670 0.000007 0.000019
 0.013043 0.000004 0.013014 0.000033 0.000021 0.051962 0.012989 0.220683 0.220700 0.298592 0.000009 0.000020 0.000023 0.000020 0.090899 0.051944 0.025987 0.000031 0.000007 0.000019
 0.013043 0.000004 0.000034 0.000033 0.013000 0.013022 0.000009 0.272603 0.038980 0.026013 0.000009 0.116840 0.000023 0.000020 0.038980 0.025984 0.415387 0.000031 0.000007 0.025979
 0.000063 0.000004 0.013014 0.051953 0.000021 0.519242 0.000009 0.000023 0.013020 0.000053 0.012989 0.000020 0.013003 0.129820 0.038980 0.000024 0.000027 0.116850 0.000007 0.090878
 0.000063 0.000004 0.013014 0.000033 0.000021 0.610102 0.000009 0.000023 0.000040 0.000053 0.000009 0.233660 0.000023 0.000020 0.013020 0.000024 0.013007 0.000031 0.077887 0.038959
 0.000063 0.116824 0.000034 0.000033 0.090880 0.000042 0.000009 0.000023 0.103880 0.233692 0.025969 0.415379 0.000023 0.000020 0.000040 0.013004 0.000027 0.000031 0.000007 0.000019
 0.376482 0.000004 0.000034 0.000033 0.000021 0.168782 0.000009 0.090883 0.051960 0.013033 0.000009 0.000020 0.000023 0.000020 0.051959 0.013004 0.000027 0.090890 0.000007 0.142798

MOTIF 34-FTLKKS STREME-34
letter-probability matrix: alength= 20 w= 6 nsites= 92 E= 8.8e-005
 0.168803 0.000004 0.013014 0.013013 0.506240 0.000042 0.000009 0.000023 0.155800 0.000053 0.000009 0.013000 0.000023 0.000020 0.000040 0.051944 0.000027 0.077910 0.000007 0.000019
 0.103903 0.000004 0.000034 0.000033 0.155780 0.000042 0.000009 0.025983 0.064940 0.000053 0.000009 0.000020 0.090883 0.025980 0.013020 0.000024 0.506246 0.013011 0.000007 0.000019
 0.155823 0.000004 0.000034 0.013013 0.000021 0.000042 0.000009 0.000023 0.000040 0.350512 0.272589 0.000020 0.000023 0.000020 0.000040 0.000024 0.181747 0.000031 0.000007 0.025979
 0.090923 0.000004 0.000034 0.000033 0.000021 0.090902 0.000009 0.155783 0.571159 0.000053 0.012989 0.000020 0.000023 0.013000 0.013020 0.000024 0.000027 0.051951 0.000007 0.000019
 0.013043 0.000004 0.013014 0.000033 0.000021 0.000042 0.000009 0.000023 0.908639 0.000053 0.000009 0.000020 0.000023 0.000020 0.051959 0.000024 0.000027 0.000031 0.000007 0.012999
 0.090923 0.000004 0.013014 0.000033 0.000021 0.129842 0.000009 0.000023 0.077920 0.038993 0.000009 0.000020 0.155783 0.077900 0.000040 0.389424 0.025987 0.000031 0.000007 0.000019

MOTIF 35-GLKKLF STREME-35
letter-probability matrix: alength= 20 w= 6 nsites= 158 E= 2.0e-004
 0.013476 0.000002 0.013461 0.087399 0.047062 0.199860 0.060500 0.000012 0.127733 0.060523 0.080665 0.000010 0.000012 0.020175 0.194950 0.080673 0.000014 0.013459 0.000004 0.000010
 0.053806 0.000002 0.000018 0.006739 0.000011 0.051983 0.000005 0.033620 0.000021 0.719248 0.040335 0.000010 0.053786 0.000010 0.000020 0.000012 0.000014 0.040346 0.000004 0.000010
 0.100858 0.000002 0.013461 0.181503 0.094114 0.087404 0.020170 0.000012 0.206581 0.141183 0.000005 0.000010 0.154611 0.000010 0.000020 0.000012 0.000014 0.000016 0.000004 0.000010
 0.000033 0.000002 0.013461 0.000017 0.073949 0.013465 0.013448 0.000012 0.692355 0.031823 0.006727 0.053784 0.020177 0.000010 0.040351 0.000012 0.000014 0.000016 0.000004 0.040340
 0.040363 0.040332 0.000018 0.000017 0.000011 0.013465 0.047056 0.168054 0.067238 0.468733 0.000005 0.000010 0.000012 0.047062 0.060516 0.033621 0.013457 0.000016 0.000004 0.000010
 0.000033 0.047054 0.013461 0.013461 0.703976 0.013465 0.006726 0.013455 0.006742 0.080688 0.020170 0.006732 0.040342 0.006732 0.000020 0.000012 0.000014 0.020181 0.000004 0.006731

MOTIF 36-IKAGPAV STREME-36
letter-probability matrix: alength= 20 w= 7 nsites= 125 E= 2.5e-004
 0.107146 0.000002 0.000019 0.021441 0.000011 0.035727 0.007146 0.535567 0.035726 0.007170 0.000005 0.014292 0.000013 0.042855 0.000022 0.028576 0.028578 0.050002 0.007145 0.078558
 0.085723 0.000002 0.000019 0.000018 0.000011 0.007164 0.000005 0.035716 0.435607 0.035733 0.000005 0.099981 0.000013 0.000011 0.007162 0.192813 0.099985 0.000017 0.000004 0.000010
 0.592715 0.014284 0.000019 0.042863 0.035715 0.078571 0.000005 0.064279 0.000022 0.042873 0.000005 0.028574 0.000013 0.000011 0.007162 0.000013 0.042859 0.050002 0.000004 0.000010
 0.085723 0.000002 0.000019 0.000018 0.000011 0.699815 0.000005 0.007153 0.014304 0.042873 0.000005 0.000011 0.028576 0.007152 0.014303 0.042858 0.021437 0.028580 0.000004 0.007151
 0.085723 0.028565 0.000019 0.007159 0.000011 0.071431 0.000005 0.135687 0.071429 0.000029 0.000005 0.000011 0.514145 0.007152 0.014303 0.035717 0.014296 0.007158 0.000004 0.007151
 0.742671 0.000002 0.000019 0.000018 0.014293 0.064290 0.028568 0.042857 0.085711 0.000029 0.000005 0.000011 0.000013 0.007152 0.000022 0.014295 0.000015 0.000017 0.000004 0.000010
 0.000035 0.028565 0.000019 0.000018 0.000011 0.014305 0.000005 0.357049 0.050007 0.042873 0.021427 0.000011 0.007153 0.000011 0.000022 0.014295 0.000015 0.457024 0.000004 0.007151

MOTIF 37-PFVFLR STREME-37
letter-probability matrix: alength= 20 w= 6 nsites= 49 E= 4.3e-004
 0.030412 0.000009 0.000079 0.151402 0.121107 0.000099 0.000021 0.000054 0.000094 0.000123 0.000022 0.000046 0.665879 0.000046 0.000092 0.000056 0.030328 0.000071 0.000017 0.000043
 0.000147 0.000009 0.000079 0.121137 0.847462 0.000099 0.000021 0.000054 0.000094 0.000123 0.000022 0.000046 0.000054 0.000046 0.000092 0.000056 0.030328 0.000071 0.000017 0.000043
 0.000147 0.000009 0.060608 0.000078 0.030313 0.000099 0.000021 0.000054 0.030358 0.242241 0.000022 0.000046 0.000054 0.000046 0.000092 0.000056 0.000063 0.544837 0.000017 0.090838
 0.000147 0.000009 0.000079 0.000078 0.726403 0.060628 0.000021 0.000054 0.030358 0.000123 0.000022 0.000046 0.121113 0.000046 0.000092 0.000056 0.000063 0.000071 0.000017 0.060573
 0.000147 0.000009 0.000079 0.000078 0.090842 0.000099 0.000021 0.000054 0.030358 0.635683 0.000022 0.060576 0.000054 0.000046 0.000092 0.000056 0.030328 0.060601 0.090811 0.000043
 0.000147 0.000009 0.000079 0.121137 0.211901 0.000099 0.000021 0.060583 0.000094 0.000123 0.211875 0.000046 0.000054 0.000046 0.272475 0.000056 0.000063 0.121130 0.000017 0.000043

MOTIF 38-VAPFPE STREME-38
letter-probability matrix: alength= 20 w= 6 nsites= 33 E= 4.3e-004
 0.000194 0.000012 0.000104 0.000103 0.000063 0.000130 0.000027 0.000071 0.000124 0.040096 0.000029 0.000061 0.000071 0.000061 0.159855 0.000074 0.040017 0.758828 0.000022 0.000057
 0.599194 0.000012 0.000104 0.119903 0.000063 0.000130 0.000027 0.119871 0.000124 0.159896 0.000029 0.000061 0.000071 0.000061 0.000122 0.000074 0.000083 0.000094 0.000022 0.000057
 0.000194 0.000012 0.000104 0.000103 0.000063 0.000130 0.000027 0.000071 0.000124 0.000162 0.000029 0.000061 0.958473 0.000061 0.040055 0.000074 0.000083 0.000094 0.000022 0.000057
 0.000194 0.000012 0.000104 0.000103 0.559130 0.000130 0.000027 0.000071 0.000124 0.000162 0.000029 0.000061 0.000071 0.000061 0.000122 0.040007 0.000083 0.399428 0.000022 0.000057
 0.000194 0.000012 0.000104 0.000103 0.000063 0.000130 0.000027 0.040005 0.000124 0.000162 0.000029 0.000061 0.878606 0.000061 0.000122 0.000074 0.079950 0.000094 0.000022 0.000057
 0.000194 0.000012 0.000104 0.479303 0.199730 0.000130 0.000027 0.000071 0.040057 0.000162 0.000029 0.000061 0.040005 0.199728 0.000122 0.000074 0.000083 0.000094 0.000022 0.039991

MOTIF 39-QLRRPVR STREME-39
letter-probability matrix: alength= 20 w= 7 nsites= 38 E= 4.3e-004
 0.000156 0.000010 0.000084 0.000083 0.000051 0.000105 0.000022 0.000057 0.000100 0.032346 0.000023 0.000049 0.000058 0.708773 0.000098 0.000060 0.000067 0.000076 0.000018 0.257764
 0.000156 0.032225 0.000084 0.000083 0.032266 0.064535 0.000022 0.000057 0.096744 0.579996 0.032238 0.000049 0.000058 0.064479 0.064528 0.000060 0.000067 0.000076 0.032233 0.000046
 0.000156 0.000010 0.000084 0.000083 0.000051 0.000105 0.000022 0.000057 0.290032 0.000131 0.000023 0.000049 0.032272 0.000049 0.547749 0.000060 0.000067 0.000076 0.000018 0.128905
 0.000156 0.000010 0.000084 0.000083 0.000051 0.000105 0.000022 0.064487 0.225603 0.000131 0.000023 0.000049 0.032272 0.000049 0.612178 0.000060 0.000067 0.000076 0.064447 0.000046
 0.000156 0.000010 0.000084 0.032298 0.000051 0.000105 0.000022 0.000057 0.096744 0.000131 0.000023 0.000049 0.644352 0.000049 0.193387 0.000060 0.000067 0.000076 0.032233 0.000046
 0.000156 0.000010 0.000084 0.000083 0.000051 0.000105 0.000022 0.000057 0.000100 0.064560 0.000023 0.000049 0.000058 0.000049 0.000098 0.000060 0.000067 0.934303 0.000018 0.000046
 0.000156 0.000010 0.000084 0.032298 0.000051 0.000105 0.000022 0.000057 0.000100 0.032346 0.000023 0.000049 0.000058 0.000049 0.837681 0.032274 0.032282 0.000076 0.000018 0.032261

MOTIF 40-GGGSSI STREME-40
letter-probability matrix: alength= 20 w= 6 nsites= 58 E= 2.4e-003
 0.000081 0.000005 0.066664 0.000043 0.000026 0.732878 0.000011 0.000030 0.000052 0.000068 0.000012 0.049991 0.049995 0.000025 0.000051 0.000031 0.000035 0.099970 0.000009 0.000024
 0.000081 0.000005 0.000043 0.000043 0.033336 0.549672 0.000011 0.066650 0.016707 0.000068 0.000012 0.000026 0.000030 0.083301 0.000051 0.133272 0.050000 0.066660 0.000009 0.000024
 0.000081 0.000005 0.016699 0.000043 0.049992 0.616293 0.000011 0.000030 0.000052 0.033378 0.000012 0.000026 0.000030 0.000025 0.083326 0.000031 0.050000 0.066660 0.000009 0.083299
 0.066701 0.000005 0.000043 0.000043 0.000026 0.066675 0.016666 0.000030 0.000052 0.000068 0.000012 0.000026 0.000030 0.000025 0.000051 0.632924 0.116620 0.099970 0.000009 0.000024
 0.033391 0.000005 0.000043 0.000043 0.033336 0.149950 0.000011 0.049995 0.000052 0.149963 0.000012 0.099956 0.000030 0.000025 0.033361 0.383098 0.000035 0.033349 0.033319 0.000024
 0.000081 0.000005 0.000043 0.000043 0.000026 0.066675 0.000011 0.682888 0.000052 0.116653 0.000012 0.000026 0.000030 0.000025 0.000051 0.066651 0.000035 0.050005 0.000009 0.016679

MOTIF 41-EEEAAAP STREME-41
letter-probability matrix: alength= 20 w= 7 nsites= 33 E= 4.7e-003
 0.000179 0.000012 0.000096 0.998553 0.000058 0.000121 0.000025 0.000066 0.000114 0.000150 0.000027 0.000057 0.000066 0.000056 0.000113 0.000068 0.000077 0.000087 0.000020 0.000053
 0.074139 0.000012 0.000096 0.850633 0.000058 0.000121 0.000025 0.000066 0.000114 0.000150 0.000027 0.000057 0.000066 0.000056 0.000113 0.074028 0.000077 0.000087 0.000020 0.000053
 0.000179 0.000012 0.000096 0.813653 0.000058 0.000121 0.000025 0.000066 0.185014 0.000150 0.000027 0.000057 0.000066 0.000056 0.000113 0.000068 0.000077 0.000087 0.000020 0.000053
 0.443938 0.000012 0.000096 0.000095 0.037038 0.000121 0.000025 0.000066 0.148034 0.000150 0.000027 0.037037 0.000066 0.000056 0.000113 0.221948 0.000077 0.111027 0.000020 0.000053
 0.628838 0.000012 0.037076 0.000095 0.000058 0.000121 0.000025 0.000066 0.000114 0.000150 0.037007 0.000057 0.037046 0.000056 0.148032 0.000068 0.111017 0.000087 0.000020 0.000053
 0.369979 0.000012 0.037076 0.074055 0.000058 0.111061 0.000025 0.000066 0.000114 0.000150 0.037007 0.000057 0.000066 0.074016 0.037093 0.037048 0.000077 0.221967 0.000020 0.000053
 0.037159 0.000012 0.000096 0.000095 0.000058 0.222000 0.000025 0.074026 0.000114 0.111090 0.000027 0.000057 0.258925 0.000056 0.037093 0.000068 0.221957 0.037067 0.000020 0.000053

MOTIF 42-IIFRIL STREME-42
letter-probability matrix: alength= 20 w= 6 nsites= 51 E= 2.2e-002
 0.026414 0.000008 0.026355 0.026355 0.026328 0.052660 0.000018 0.683507 0.000081 0.052681 0.000019 0.000040 0.052621 0.000040 0.026367 0.000049 0.026342 0.000062 0.000015 0.000038
 0.000127 0.000008 0.000069 0.000068 0.000042 0.000086 0.078879 0.841229 0.000081 0.026394 0.000019 0.000040 0.026334 0.000040 0.000080 0.026336 0.000055 0.000062 0.000015 0.000038
 0.026414 0.000008 0.026355 0.000068 0.709789 0.026373 0.026305 0.000047 0.026368 0.000107 0.000019 0.000040 0.026334 0.000040 0.026367 0.078909 0.000055 0.000062 0.000015 0.026325
 0.052701 0.026295 0.052642 0.078928 0.000042 0.000086 0.026305 0.000047 0.000081 0.052681 0.000019 0.000040 0.026334 0.000040 0.630967 0.000049 0.026342 0.000062 0.026301 0.000038
 0.052701 0.000008 0.184077 0.000068 0.000042 0.026373 0.000018 0.630933 0.026368 0.000107 0.000019 0.000040 0.000047 0.026327 0.026367 0.000049 0.000055 0.026349 0.000015 0.000038
 0.184136 0.026295 0.000069 0.000068 0.000042 0.052660 0.000018 0.105195 0.000081 0.446985 0.026306 0.000040 0.000047 0.026327 0.026367 0.026336 0.026342 0.000062 0.000015 0.052612

MOTIF 43-PFKISIH STREME-43
letter-probability matrix: alength= 20 w= 7 nsites= 70 E= 2.2e-002
 0.108438 0.000004 0.000031 0.036157 0.024103 0.012081 0.000008 0.012064 0.000037 0.012091 0.000009 0.012061 0.602129 0.072271 0.024121 0.000022 0.000025 0.000028 0.000007 0.084312
 0.060269 0.000004 0.036158 0.084326 0.457620 0.156587 0.000008 0.036148 0.000037 0.096386 0.000009 0.000018 0.000021 0.000018 0.000037 0.024107 0.000025 0.000028 0.000007 0.048186
 0.000058 0.000004 0.024116 0.024115 0.000019 0.000039 0.012050 0.096359 0.325175 0.012091 0.000009 0.036145 0.108401 0.060229 0.048205 0.096359 0.000025 0.132492 0.000007 0.024102
 0.036185 0.000004 0.036158 0.012073 0.024103 0.120461 0.120430 0.373328 0.048206 0.036175 0.000009 0.036145 0.000021 0.036145 0.012079 0.012064 0.024109 0.072281 0.000007 0.000017
 0.024143 0.000004 0.012074 0.000031 0.156567 0.012081 0.000008 0.000021 0.000037 0.024133 0.024093 0.036145 0.156569 0.024103 0.096374 0.409455 0.024109 0.000028 0.000007 0.000017
 0.024143 0.000004 0.000031 0.000031 0.000019 0.120461 0.000008 0.337201 0.108417 0.072302 0.000009 0.060229 0.084316 0.000018 0.072290 0.048191 0.000025 0.072281 0.000007 0.000017
 0.036185 0.000004 0.000031 0.024115 0.000019 0.048208 0.529862 0.060232 0.168627 0.000049 0.000009 0.000018 0.000021 0.000018 0.000037 0.024107 0.084320 0.024113 0.000007 0.000017

MOTIF 44-PPGFTPF STREME-44
letter-probability matrix: alength= 20 w= 7 nsites= 75 E= 2.2e-002
 0.000068 0.000004 0.000037 0.000036 0.056327 0.000046 0.000010 0.084483 0.000044 0.000057 0.000010 0.042250 0.534922 0.056326 0.000043 0.168941 0.000029 0.000033 0.000008 0.056325
 0.225288 0.000004 0.056342 0.000036 0.000022 0.000046 0.000010 0.000025 0.000044 0.000057 0.000010 0.000022 0.506770 0.000021 0.000043 0.000026 0.211173 0.000033 0.000008 0.000020
 0.000068 0.000004 0.000037 0.154875 0.000022 0.633477 0.000010 0.000025 0.000044 0.000057 0.000010 0.000022 0.000025 0.084479 0.000043 0.000026 0.126715 0.000033 0.000008 0.000020
 0.070449 0.000004 0.000037 0.000036 0.450462 0.014122 0.000010 0.014101 0.000044 0.112667 0.000010 0.000022 0.042254 0.056326 0.014119 0.042255 0.183020 0.000033 0.000008 0.000020
 0.000068 0.000004 0.014113 0.000036 0.042251 0.056351 0.000010 0.000025 0.000044 0.000057 0.042239 0.000022 0.000025 0.028174 0.070424 0.183017 0.464545 0.000033 0.000008 0.098554
 0.070449 0.000004 0.000037 0.112646 0.000022 0.140808 0.000010 0.000025 0.098577 0.014133 0.000010 0.000022 0.422312 0.000021 0.014119 0.000026 0.112639 0.000033 0.014084 0.000020
 0.183059 0.000004 0.000037 0.000036 0.267471 0.000046 0.000010 0.000025 0.014120 0.140820 0.000010 0.126708 0.000025 0.000021 0.000043 0.028179 0.168944 0.042262 0.028160 0.000020

MOTIF 45-TISGECH STREME-45
letter-probability matrix: alength= 20 w= 7 nsites= 88 E= 3.9e-002
 0.140609 0.000005 0.046885 0.124959 0.109328 0.000051 0.031240 0.000028 0.000048 0.031293 0.000011 0.000024 0.015643 0.000024 0.000048 0.000029 0.265485 0.124955 0.000009 0.109326
 0.000076 0.000005 0.000041 0.046885 0.000025 0.062510 0.000011 0.281095 0.124967 0.046908 0.000011 0.078098 0.062487 0.000024 0.046892 0.124948 0.046877 0.078111 0.000009 0.000022
 0.000076 0.000005 0.140574 0.031270 0.000025 0.000051 0.109314 0.000028 0.000048 0.000063 0.046856 0.000024 0.000028 0.000024 0.000048 0.609007 0.062492 0.000037 0.000009 0.000022
 0.109380 0.000005 0.000041 0.000040 0.000025 0.281118 0.281078 0.046872 0.000048 0.000063 0.000011 0.000024 0.000028 0.124942 0.015662 0.031259 0.093721 0.000037 0.015623 0.000022
 0.124994 0.000005 0.078115 0.281107 0.000025 0.171814 0.046855 0.000028 0.031278 0.000063 0.000011 0.000024 0.046872 0.031253 0.062507 0.000029 0.000033 0.124955 0.000009 0.000022
 0.000076 0.671442 0.093730 0.000040 0.000025 0.000051 0.000011 0.078102 0.000048 0.000063 0.000011 0.046868 0.000028 0.000024 0.000048 0.109333 0.000033 0.000037 0.000009 0.000022
 0.078150 0.109309 0.000041 0.062499 0.000025 0.015666 0.218618 0.000028 0.000048 0.000063 0.078085 0.171787 0.000028 0.000024 0.046892 0.109333 0.000033 0.109341 0.000009 0.000022

MOTIF 46-RGARRG STREME-46
letter-probability matrix: alength= 20 w= 6 nsites= 42 E= 5.2e-002
 0.000105 0.000007 0.000057 0.000056 0.000034 0.000071 0.000015 0.000039 0.000067 0.000088 0.000016 0.000033 0.000039 0.000033 0.977441 0.021760 0.000045 0.000051 0.000012 0.000031
 0.021825 0.000007 0.000057 0.000056 0.043473 0.521337 0.000015 0.000039 0.000067 0.043527 0.000016 0.000033 0.000039 0.108630 0.173822 0.043479 0.021765 0.021771 0.000012 0.000031
 0.456214 0.021726 0.021776 0.000056 0.086912 0.000071 0.000015 0.086916 0.021787 0.043527 0.000016 0.021753 0.043478 0.065191 0.043505 0.000040 0.021765 0.043490 0.021731 0.000031
 0.000105 0.000007 0.000057 0.021775 0.000034 0.000071 0.000015 0.000039 0.043506 0.000088 0.000016 0.000033 0.000039 0.000033 0.934002 0.000040 0.000045 0.000051 0.000012 0.000031
 0.065264 0.000007 0.000057 0.000056 0.000034 0.108668 0.000015 0.000039 0.000067 0.043527 0.000016 0.086911 0.000039 0.043472 0.629930 0.000040 0.000045 0.021771 0.000012 0.000031
 0.086983 0.000007 0.000057 0.000056 0.000034 0.456179 0.000015 0.021758 0.043506 0.043527 0.000016 0.130350 0.000039 0.000033 0.108663 0.086918 0.000045 0.000051 0.000012 0.021751

MOTIF 47-AGGSRPQ STREME-47
letter-probability matrix: alength= 20 w= 7 nsites= 16 E= 5.2e-002
 0.919663 0.000682 0.005683 0.005612 0.003444 0.007118 0.001487 0.003883 0.006746 0.008850 0.001581 0.003344 0.003892 0.003323 0.006643 0.004036 0.004543 0.005138 0.001206 0.003126
 0.010572 0.000682 0.005683 0.005612 0.003444 0.916209 0.001487 0.003883 0.006746 0.008850 0.001581 0.003344 0.003892 0.003323 0.006643 0.004036 0.004543 0.005138 0.001206 0.003126
 0.010572 0.000682 0.005683 0.005612 0.003444 0.916209 0.001487 0.003883 0.006746 0.008850 0.001581 0.003344 0.003892 0.003323 0.006643 0.004036 0.004543 0.005138 0.001206 0.003126
 0.010572 0.000682 0.005683 0.005612 0.003444 0.007118 0.001487 0.003883 0.006746 0.008850 0.001581 0.003344 0.003892 0.003323 0.006643 0.913127 0.004543 0.005138 0.001206 0.003126
 0.010572 0.000682 0.005683 0.005612 0.003444 0.007118 0.001487 0.003883 0.006746 0.008850 0.001581 0.003344 0.003892 0.003323 0.915734 0.004036 0.004543 0.005138 0.001206 0.003126
 0.010572 0.000682 0.005683 0.005612 0.003444 0.007118 0.001487 0.003883 0.006746 0.008850 0.001581 0.003344 0.912983 0.003323 0.006643 0.004036 0.004543 0.005138 0.001206 0.003126
 0.010572 0.000682 0.005683 0.005612 0.003444 0.007118 0.001487 0.003883 0.006746 0.008850 0.001581 0.003344 0.003892 0.912414 0.006643 0.004036 0.004543 0.005138 0.001206 0.003126

MOTIF 48-RLRLLLRL STREME-48
letter-probability matrix: alength= 20 w= 8 nsites= 58 E= 5.2e-002
 0.000090 0.000006 0.000048 0.000048 0.000029 0.148094 0.185055 0.000033 0.000057 0.166613 0.000013 0.000028 0.092554 0.000028 0.370141 0.000034 0.037047 0.000044 0.000010 0.000027
 0.000090 0.000006 0.000048 0.000048 0.055542 0.000060 0.000013 0.000033 0.000057 0.425672 0.000013 0.000028 0.000033 0.000028 0.166594 0.000034 0.000039 0.018548 0.333086 0.000027
 0.185132 0.000006 0.000048 0.000048 0.000029 0.000060 0.055525 0.000033 0.000057 0.000075 0.000013 0.000028 0.000033 0.000028 0.555183 0.000034 0.000039 0.185086 0.000010 0.018531
 0.018594 0.000006 0.000048 0.018552 0.000029 0.018565 0.000013 0.037041 0.000057 0.758748 0.000013 0.000028 0.000033 0.000028 0.111082 0.018538 0.018543 0.000044 0.000010 0.000027
 0.055602 0.000006 0.000048 0.000048 0.000029 0.000060 0.000013 0.018537 0.000057 0.388664 0.000013 0.000028 0.018537 0.000028 0.388645 0.055547 0.000039 0.074061 0.000010 0.000027
 0.000090 0.000006 0.000048 0.000048 0.055542 0.000060 0.018517 0.000033 0.000057 0.795757 0.000013 0.000028 0.000033 0.000028 0.111082 0.000034 0.018543 0.000044 0.000010 0.000027
 0.185132 0.000006 0.000048 0.000048 0.000029 0.018565 0.037021 0.000033 0.000057 0.314647 0.000013 0.000028 0.000033 0.000028 0.351637 0.000034 0.018543 0.037052 0.000010 0.037035
 0.018594 0.000006 0.000048 0.000048 0.074046 0.111086 0.000013 0.000033 0.277621 0.518193 0.000013 0.000028 0.000033 0.000028 0.000056 0.000034 0.000039 0.000044 0.000010 0.000027

MOTIF 49-KKJEELAKK STREME-49
letter-probability matrix: alength= 20 w= 9 nsites= 57 E= 5.2e-002
 0.071455 0.000004 0.214195 0.057146 0.000023 0.000047 0.000010 0.000025 0.542578 0.000058 0.000010 0.000022 0.000025 0.014299 0.000044 0.000026 0.099970 0.000034 0.000008 0.000020
 0.100010 0.000004 0.000037 0.000037 0.000023 0.000047 0.000010 0.057134 0.613964 0.000058 0.000010 0.028576 0.000025 0.071408 0.028598 0.099967 0.000030 0.000034 0.000008 0.000020
 0.057178 0.000004 0.000037 0.000037 0.014300 0.000047 0.000010 0.328401 0.028599 0.271325 0.000010 0.000022 0.000025 0.000022 0.014321 0.042858 0.000030 0.157083 0.042840 0.042852
 0.171396 0.000004 0.000037 0.456907 0.057131 0.000047 0.000010 0.071411 0.114262 0.000058 0.000010 0.042854 0.000025 0.057131 0.000044 0.000026 0.028584 0.000034 0.000008 0.000020
 0.128564 0.000004 0.000037 0.671066 0.000023 0.000047 0.000010 0.014303 0.000044 0.000058 0.000010 0.114240 0.000025 0.000022 0.000044 0.000026 0.071416 0.000034 0.000008 0.000020
 0.000069 0.000004 0.000037 0.128532 0.000023 0.057155 0.028564 0.057134 0.071430 0.356988 0.014288 0.014299 0.000025 0.042853 0.000044 0.071412 0.057139 0.000034 0.000008 0.099961
 0.142841 0.000004 0.000037 0.142809 0.057131 0.028601 0.000010 0.042857 0.042876 0.071444 0.042842 0.142794 0.000025 0.028576 0.057152 0.014304 0.114247 0.071420 0.000008 0.000020
 0.057178 0.000004 0.000037 0.014314 0.000023 0.000047 0.000010 0.000025 0.656796 0.057167 0.000010 0.000022 0.000025 0.057131 0.042875 0.114244 0.000030 0.000034 0.000008 0.000020
 0.042901 0.000004 0.000037 0.114254 0.000023 0.014324 0.014287 0.000025 0.571133 0.000058 0.000010 0.114240 0.042857 0.014299 0.071430 0.000026 0.000030 0.000034 0.000008 0.000020

MOTIF 50-LQKILGG STREME-50
letter-probability matrix: alength= 20 w= 7 nsites= 87 E= 1.9e-001
 0.000053 0.000003 0.000028 0.000028 0.000017 0.184734 0.000007 0.000019 0.032628 0.565005 0.108654 0.000017 0.000019 0.032610 0.000033 0.000020 0.000023 0.000026 0.000006 0.076068
 0.163022 0.021733 0.010893 0.086945 0.010882 0.163005 0.000007 0.010884 0.032628 0.152149 0.000008 0.010881 0.000019 0.325956 0.000033 0.000020 0.010887 0.000026 0.000006 0.000016
 0.000053 0.000003 0.086945 0.097810 0.086934 0.000035 0.000007 0.010884 0.260785 0.000044 0.000008 0.130392 0.000019 0.206445 0.021762 0.000020 0.086940 0.000026 0.000006 0.010880
 0.021782 0.000003 0.000028 0.000028 0.000017 0.032629 0.054331 0.521522 0.032628 0.000044 0.000008 0.000017 0.173854 0.000017 0.021762 0.000020 0.000023 0.141266 0.000006 0.000016
 0.010917 0.000003 0.141269 0.000028 0.000017 0.000035 0.000007 0.043478 0.000034 0.249931 0.000008 0.108663 0.000019 0.119528 0.043492 0.000020 0.097804 0.184724 0.000006 0.000016
 0.000053 0.108650 0.000028 0.043487 0.000017 0.695372 0.000007 0.000019 0.000034 0.119555 0.000008 0.000017 0.000019 0.000017 0.010898 0.000020 0.000023 0.000026 0.021735 0.000016
 0.000053 0.000003 0.000028 0.000028 0.000017 0.662779 0.000007 0.000019 0.043492 0.032638 0.000008 0.097798 0.000019 0.000017 0.065221 0.065208 0.032617 0.000026 0.000006 0.000016

MOTIF 51-QWAVGHL STREME-51
letter-probability matrix: alength= 20 w= 7 nsites= 72 E= 1.9e-001
 0.000071 0.000005 0.000038 0.000038 0.000023 0.000048 0.000010 0.029420 0.000045 0.073544 0.073495 0.235172 0.014723 0.367444 0.000045 0.058815 0.132302 0.000035 0.014705 0.000021
 0.014768 0.000005 0.044129 0.000038 0.029417 0.029442 0.000010 0.000026 0.235195 0.058847 0.000011 0.000023 0.044117 0.000022 0.000045 0.000027 0.000031 0.102913 0.440914 0.000021
 0.690824 0.000005 0.000038 0.000038 0.029417 0.000048 0.029404 0.000026 0.014742 0.058847 0.000011 0.029416 0.117601 0.029416 0.000045 0.000027 0.000031 0.000035 0.000008 0.000021
 0.000071 0.000005 0.000038 0.000038 0.000023 0.000048 0.000010 0.029420 0.088227 0.058847 0.000011 0.000023 0.014723 0.000022 0.044135 0.000027 0.088212 0.632000 0.044099 0.000021
 0.000071 0.000005 0.000038 0.058825 0.000023 0.646710 0.000010 0.000026 0.000045 0.029453 0.000011 0.058810 0.000026 0.088204 0.000045 0.088208 0.000031 0.000035 0.000008 0.029415
 0.044162 0.000005 0.088220 0.000038 0.000023 0.102926 0.396825 0.000026 0.102924 0.073544 0.000011 0.000023 0.029420 0.000022 0.073529 0.088208 0.000031 0.000035 0.000008 0.000021
 0.058859 0.014701 0.000038 0.000038 0.146992 0.058835 0.000010 0.000026 0.044136 0.426269 0.000011 0.029416 0.000026 0.000022 0.000045 0.029421 0.000031 0.191094 0.000008 0.000021

MOTIF 52-VWGIKQLQ STREME-52
letter-probability matrix: alength= 20 w= 8 nsites= 55 E= 1.9e-001
 0.020490 0.000006 0.020444 0.000052 0.020423 0.142802 0.000014 0.000036 0.122408 0.061255 0.000015 0.000031 0.000036 0.000031 0.000062 0.000038 0.000043 0.570991 0.040793 0.000029
 0.081662 0.000006 0.081616 0.142788 0.061205 0.000067 0.000014 0.000036 0.102017 0.061255 0.000015 0.000031 0.000036 0.061204 0.020453 0.020429 0.081606 0.000048 0.265092 0.020420
 0.000099 0.040788 0.000053 0.102007 0.000032 0.672963 0.000014 0.000036 0.102017 0.040864 0.000015 0.020422 0.000036 0.000031 0.000062 0.000038 0.000043 0.020439 0.000011 0.000029
 0.000099 0.000006 0.000053 0.000052 0.000032 0.040848 0.000014 0.530197 0.000063 0.102037 0.020406 0.000031 0.000036 0.061204 0.102016 0.020429 0.020433 0.102002 0.000011 0.000029
 0.061271 0.000006 0.000053 0.081616 0.000032 0.000067 0.000014 0.040818 0.693351 0.000083 0.000015 0.040813 0.000036 0.081594 0.000062 0.000038 0.000043 0.000048 0.000011 0.000029
 0.102053 0.000006 0.000053 0.081616 0.000032 0.040848 0.000014 0.020427 0.000063 0.020474 0.000015 0.101985 0.000036 0.509801 0.000062 0.000038 0.061215 0.000048 0.000011 0.061202
 0.081662 0.000006 0.000053 0.102007 0.000032 0.020457 0.000014 0.040818 0.000063 0.530244 0.000015 0.000031 0.000036 0.020422 0.020453 0.040819 0.000043 0.061220 0.000011 0.081592
 0.061271 0.000006 0.040835 0.000052 0.000032 0.061239 0.040796 0.000036 0.040845 0.122428 0.000015 0.000031 0.000036 0.387456 0.061235 0.040819 0.000043 0.081611 0.040793 0.020420

MOTIF 53-RIRARI STREME-53
letter-probability matrix: alength= 20 w= 6 nsites= 58 E= 4.5e-001
 0.000115 0.000007 0.000062 0.000061 0.000038 0.000078 0.000016 0.000042 0.023860 0.023882 0.023803 0.000036 0.000042 0.000036 0.880151 0.023830 0.000050 0.023842 0.000013 0.000034
 0.000115 0.000007 0.000062 0.000061 0.000038 0.000078 0.000016 0.880121 0.023860 0.047668 0.023803 0.000036 0.000042 0.000036 0.023858 0.000044 0.000050 0.000056 0.000013 0.000034
 0.047687 0.000007 0.214135 0.023847 0.000038 0.023864 0.000016 0.000042 0.000074 0.047668 0.000017 0.000036 0.000042 0.023822 0.570934 0.000044 0.000050 0.047628 0.000013 0.000034
 0.452048 0.000007 0.023848 0.023847 0.000038 0.047649 0.000016 0.023828 0.023860 0.023882 0.047589 0.047608 0.023828 0.047608 0.047644 0.023830 0.023835 0.095200 0.000013 0.023820
 0.023901 0.000007 0.000062 0.000061 0.000038 0.023864 0.000016 0.000042 0.000074 0.023882 0.000017 0.000036 0.000042 0.000036 0.927723 0.000044 0.000050 0.000056 0.000013 0.000034
 0.000115 0.000007 0.000062 0.214134 0.000038 0.000078 0.000016 0.642262 0.000074 0.071454 0.000017 0.000036 0.023828 0.000036 0.023858 0.000044 0.000050 0.023842 0.000013 0.000034

MOTIF 54-GGSFND STREME-54
letter-probability matrix: alength= 20 w= 6 nsites= 82 E= 5.7e-001
 0.076944 0.038445 0.012847 0.025660 0.000020 0.307570 0.051263 0.000023 0.000040 0.000052 0.051264 0.038461 0.000023 0.051274 0.000039 0.076906 0.243486 0.012844 0.000007 0.012832
 0.051317 0.076886 0.025661 0.102542 0.000020 0.307570 0.012822 0.000023 0.102549 0.051307 0.012823 0.051274 0.064091 0.012833 0.000039 0.025651 0.025654 0.038471 0.000007 0.038459
 0.000062 0.128141 0.000033 0.000033 0.000020 0.000042 0.000009 0.000023 0.000040 0.000052 0.000009 0.000020 0.000023 0.000020 0.000039 0.794471 0.000027 0.000030 0.000007 0.076900
 0.012876 0.217836 0.000033 0.000033 0.525380 0.051296 0.000009 0.000023 0.000040 0.000052 0.000009 0.000020 0.000023 0.025647 0.000039 0.076906 0.089722 0.000030 0.000007 0.000018
 0.000062 0.000004 0.076915 0.012847 0.000020 0.000042 0.000009 0.000023 0.025667 0.012866 0.000009 0.538193 0.038464 0.000020 0.051294 0.179415 0.064095 0.000030 0.000007 0.000018
 0.000062 0.000004 0.320375 0.000033 0.076902 0.012856 0.000009 0.000023 0.064108 0.012866 0.000009 0.000020 0.012837 0.000020 0.000039 0.230670 0.140977 0.012844 0.025634 0.089714

MOTIF 55-GLSGLC STREME-55
letter-probability matrix: alength= 20 w= 6 nsites= 58 E= 5.7e-001
 0.127264 0.199854 0.054551 0.000047 0.090869 0.272580 0.000012 0.000032 0.199905 0.054578 0.000013 0.000028 0.000032 0.000028 0.000055 0.000034 0.000038 0.000043 0.000010 0.000026
 0.018256 0.000006 0.000047 0.090887 0.000029 0.000059 0.018180 0.090873 0.000056 0.508779 0.000013 0.000028 0.000032 0.000028 0.072728 0.145378 0.000038 0.018211 0.036346 0.000026
 0.000088 0.000006 0.000047 0.000047 0.000029 0.054563 0.000012 0.000032 0.181737 0.000074 0.000013 0.000028 0.145377 0.090868 0.072728 0.363394 0.072710 0.000043 0.000010 0.018194
 0.000088 0.000006 0.109056 0.054551 0.000029 0.744949 0.000012 0.036368 0.000056 0.000074 0.000013 0.036364 0.000032 0.000028 0.000055 0.000034 0.000038 0.000043 0.000010 0.018194
 0.000088 0.000006 0.000047 0.000047 0.000029 0.000059 0.000012 0.000032 0.090896 0.345267 0.072685 0.000028 0.000032 0.181708 0.000055 0.000034 0.218054 0.018211 0.000010 0.072698
 0.000088 0.744895 0.072720 0.054551 0.072701 0.000059 0.000012 0.000032 0.000056 0.000074 0.000013 0.000028 0.000032 0.018196 0.000055 0.018202 0.000038 0.018211 0.000010 0.000026

MOTIF 56-SAAPEP STREME-56
letter-probability matrix: alength= 20 w= 6 nsites= 51 E= 5.7e-001
 0.000115 0.000007 0.000062 0.071419 0.000038 0.023864 0.000016 0.023828 0.000074 0.047668 0.023803 0.071394 0.000042 0.000036 0.000072 0.618478 0.047621 0.000056 0.047585 0.023820
 0.594763 0.000007 0.047634 0.000061 0.000038 0.214151 0.071374 0.000042 0.023860 0.000097 0.047589 0.000036 0.000042 0.000036 0.000072 0.000044 0.000050 0.000056 0.000013 0.000034
 0.356904 0.000007 0.118992 0.000061 0.000038 0.000078 0.000016 0.000042 0.095217 0.000097 0.000017 0.000036 0.095186 0.000036 0.047644 0.190331 0.000050 0.071414 0.023799 0.000034
 0.000115 0.000007 0.000062 0.000061 0.000038 0.000078 0.000016 0.000042 0.000074 0.166598 0.000017 0.000036 0.808763 0.000036 0.000072 0.000044 0.000050 0.000056 0.000013 0.023820
 0.142831 0.000007 0.000062 0.356850 0.000038 0.000078 0.000016 0.000042 0.000074 0.142812 0.000017 0.023822 0.000042 0.000036 0.000072 0.095188 0.023835 0.214129 0.000013 0.000034
 0.000115 0.000007 0.000062 0.000061 0.000038 0.000078 0.000016 0.000042 0.000074 0.000097 0.000017 0.000036 0.999050 0.000036 0.000072 0.000044 0.000050 0.000056 0.000013 0.000034

MOTIF 57-GKLLES STREME-57
letter-probability matrix: alength= 20 w= 6 nsites= 31 E= 5.7e-001
 0.107156 0.000011 0.000093 0.000092 0.035718 0.535034 0.000024 0.000064 0.142755 0.000145 0.000026 0.000055 0.178370 0.000054 0.000109 0.000066 0.000074 0.000084 0.000020 0.000051
 0.000173 0.000011 0.000093 0.000092 0.000056 0.000116 0.000024 0.000064 0.998623 0.000145 0.000026 0.000055 0.000064 0.000054 0.000109 0.000066 0.000074 0.000084 0.000020 0.000051
 0.000173 0.000011 0.000093 0.000092 0.035718 0.035778 0.000024 0.071386 0.035772 0.642046 0.000026 0.000055 0.000064 0.035716 0.000109 0.000066 0.000074 0.107068 0.000020 0.035712
 0.000173 0.000011 0.000093 0.000092 0.000056 0.000116 0.000024 0.000064 0.000110 0.820352 0.000026 0.000055 0.000064 0.000054 0.000109 0.035727 0.000074 0.000084 0.142664 0.000051
 0.000173 0.000011 0.000093 0.927282 0.000056 0.000116 0.000024 0.000064 0.000110 0.000145 0.000026 0.000055 0.000064 0.071377 0.000109 0.000066 0.000074 0.000084 0.000020 0.000051
 0.107156 0.000011 0.071415 0.071414 0.035718 0.071439 0.000024 0.000064 0.000110 0.000145 0.000026 0.035716 0.000064 0.000054 0.000109 0.321017 0.107058 0.107068 0.071342 0.000051

MOTIF 58-LIIVGG STREME-58
letter-probability matrix: alength= 20 w= 6 nsites= 29 E= 5.7e-001
 0.260608 0.000014 0.000113 0.043511 0.000069 0.000142 0.000030 0.000077 0.086933 0.434172 0.000031 0.043466 0.000077 0.000066 0.000132 0.130279 0.000090 0.000102 0.000024 0.000062
 0.043610 0.000014 0.000113 0.043511 0.000069 0.043541 0.000030 0.824669 0.000134 0.000176 0.000031 0.000067 0.000077 0.000066 0.043532 0.000080 0.000090 0.000102 0.000024 0.000062
 0.000210 0.000014 0.000113 0.043511 0.000069 0.000142 0.000030 0.824669 0.000134 0.000176 0.000031 0.043466 0.000077 0.000066 0.000132 0.000080 0.043490 0.043502 0.000024 0.000062
 0.000210 0.000014 0.000113 0.000112 0.000069 0.000142 0.000030 0.086876 0.217132 0.000176 0.000031 0.043466 0.000077 0.000066 0.000132 0.000080 0.000090 0.651096 0.000024 0.000062
 0.130409 0.000014 0.000113 0.000112 0.000069 0.781334 0.000030 0.000077 0.000134 0.000176 0.000031 0.000067 0.000077 0.000066 0.000132 0.043480 0.000090 0.043502 0.000024 0.000062
 0.000210 0.000014 0.000113 0.043511 0.000069 0.911533 0.043429 0.000077 0.000134 0.000176 0.000031 0.000067 0.000077 0.000066 0.000132 0.000080 0.000090 0.000102 0.000024 0.000062

MOTIF 59-IKDFLR STREME-59
letter-probability matrix: alength= 20 w= 6 nsites= 23 E= 5.7e-001
 0.000269 0.000017 0.000144 0.000143 0.000088 0.000181 0.055465 0.831506 0.000172 0.000225 0.000040 0.000085 0.000099 0.000084 0.000169 0.000103 0.000116 0.110985 0.000031 0.000079
 0.000269 0.000017 0.000144 0.055570 0.000088 0.000181 0.000038 0.000099 0.720724 0.055652 0.000040 0.000085 0.055526 0.000084 0.055596 0.000103 0.000116 0.055558 0.000031 0.000079
 0.111123 0.000017 0.831552 0.000143 0.000088 0.000181 0.000038 0.055526 0.000172 0.000225 0.000040 0.000085 0.000099 0.000084 0.000169 0.000103 0.000116 0.000131 0.000031 0.000079
 0.000269 0.000017 0.000144 0.000143 0.886922 0.000181 0.000038 0.055526 0.000172 0.000225 0.000040 0.000085 0.055526 0.000084 0.000169 0.000103 0.000116 0.000131 0.000031 0.000079
 0.000269 0.000017 0.055572 0.000143 0.055515 0.000181 0.000038 0.000099 0.000172 0.887059 0.000040 0.000085 0.000099 0.000084 0.000169 0.000103 0.000116 0.000131 0.000031 0.000079
 0.000269 0.000017 0.000144 0.000143 0.000088 0.055608 0.000038 0.000099 0.055599 0.055652 0.000040 0.055512 0.000099 0.055512 0.609867 0.000103 0.000116 0.110985 0.000031 0.000079

MOTIF 60-RRKKAAV STREME-60
letter-probability matrix: alength= 20 w= 7 nsites= 79 E= 5.7e-001
 0.037078 0.000004 0.000032 0.000032 0.037037 0.000040 0.000008 0.000022 0.049395 0.012389 0.000009 0.024698 0.024701 0.000019 0.765076 0.000023 0.024704 0.000029 0.000007 0.024696
 0.049417 0.000004 0.000032 0.000032 0.049377 0.074076 0.024687 0.000022 0.000038 0.000050 0.000009 0.037037 0.000022 0.000019 0.728058 0.037041 0.000026 0.000029 0.000007 0.000018
 0.012399 0.000004 0.000032 0.000032 0.037037 0.135773 0.000008 0.000022 0.703380 0.000050 0.000009 0.012358 0.000022 0.012358 0.024716 0.000023 0.000026 0.061726 0.000007 0.000018
 0.037078 0.000004 0.000032 0.000032 0.000019 0.000040 0.000008 0.037040 0.654022 0.000050 0.000009 0.000019 0.000022 0.049376 0.160449 0.000023 0.012365 0.049386 0.000007 0.000018
 0.394918 0.012343 0.012371 0.024710 0.012359 0.000040 0.000008 0.086397 0.000038 0.123443 0.049366 0.024698 0.012361 0.024697 0.049395 0.012362 0.000026 0.037047 0.024685 0.098732
 0.567669 0.000004 0.012371 0.000032 0.012359 0.012380 0.000008 0.061719 0.024717 0.098765 0.012348 0.000019 0.000022 0.000019 0.148110 0.012362 0.024704 0.012368 0.000007 0.000018
 0.148132 0.000004 0.000032 0.000032 0.000019 0.000040 0.000008 0.074058 0.000038 0.037068 0.000009 0.000019 0.037040 0.000019 0.061734 0.037041 0.000026 0.567638 0.000007 0.037036

MOTIF 61-FLPMLAG STREME-61
letter-probability matrix: alength= 20 w= 7 nsites= 26 E= 5.7e-001
 0.041796 0.000013 0.083297 0.000107 0.623982 0.041730 0.000028 0.000074 0.000129 0.000169 0.000030 0.041658 0.000074 0.000063 0.000127 0.000077 0.000087 0.124881 0.000023 0.041654
 0.000202 0.041607 0.000108 0.000107 0.083255 0.000136 0.000028 0.000074 0.000129 0.832057 0.000030 0.000064 0.000074 0.000063 0.000127 0.041671 0.000087 0.000098 0.000023 0.000060
 0.041796 0.000013 0.000108 0.000107 0.000066 0.041730 0.000028 0.000074 0.000129 0.124952 0.000030 0.041658 0.748773 0.000063 0.000127 0.000077 0.000087 0.000098 0.000023 0.000060
 0.083391 0.000013 0.000108 0.124890 0.000066 0.000136 0.000028 0.083263 0.083318 0.000169 0.374380 0.083253 0.000074 0.041658 0.000127 0.083266 0.000087 0.041692 0.000023 0.000060
 0.000202 0.000013 0.000108 0.000107 0.000066 0.000136 0.000028 0.041668 0.000129 0.873651 0.000030 0.000064 0.041669 0.000063 0.000127 0.000077 0.041681 0.000098 0.000023 0.000060
 0.457740 0.041607 0.000108 0.000107 0.000066 0.041730 0.000028 0.041668 0.000129 0.041763 0.000030 0.041658 0.041669 0.083252 0.000127 0.041671 0.041681 0.124881 0.000023 0.000060
 0.000202 0.000013 0.041703 0.000107 0.000066 0.832024 0.041623 0.041668 0.041723 0.000169 0.000030 0.000064 0.000074 0.000063 0.000127 0.000077 0.000087 0.000098 0.000023 0.000060

MOTIF 62-LLALLAE STREME-62
letter-probability matrix: alength= 20 w= 7 nsites= 24 E= 5.7e-001
 0.000242 0.000016 0.000130 0.000128 0.000079 0.000163 0.000034 0.000089 0.050050 0.948226 0.000036 0.000077 0.000089 0.000076 0.000152 0.000092 0.000104 0.000118 0.000028 0.000072
 0.000242 0.000016 0.000130 0.000128 0.049975 0.099955 0.149722 0.000089 0.299530 0.399370 0.000036 0.000077 0.000089 0.000076 0.000152 0.000092 0.000104 0.000118 0.000028 0.000072
 0.698785 0.000016 0.050026 0.199712 0.000079 0.000163 0.000034 0.000089 0.050050 0.000203 0.000036 0.000077 0.000089 0.000076 0.000152 0.000092 0.000104 0.000118 0.000028 0.000072
 0.299618 0.000016 0.000130 0.000128 0.000079 0.000163 0.000034 0.000089 0.000154 0.698746 0.000036 0.000077 0.000089 0.000076 0.000152 0.000092 0.000104 0.000118 0.000028 0.000072
 0.000242 0.000016 0.000130 0.000128 0.000079 0.000163 0.000034 0.000089 0.000154 0.948226 0.000036 0.000077 0.000089 0.000076 0.000152 0.000092 0.000104 0.050014 0.000028 0.000072
 0.698785 0.000016 0.000130 0.000128 0.000079 0.299539 0.000034 0.000089 0.000154 0.000203 0.000036 0.000077 0.000089 0.000076 0.000152 0.000092 0.000104 0.000118 0.000028 0.000072
 0.000242 0.000016 0.000130 0.249608 0.049975 0.099955 0.149722 0.000089 0.000154 0.000203 0.000036 0.000077 0.149777 0.099868 0.000152 0.049988 0.000104 0.149805 0.000028 0.000072

MOTIF 63-LIVHQRLF STREME-63
letter-probability matrix: alength= 20 w= 8 nsites= 40 E= 5.7e-001
 0.000127 0.000008 0.000069 0.026355 0.026328 0.026373 0.000018 0.026334 0.184090 0.446985 0.000019 0.000040 0.026334 0.000040 0.131515 0.052623 0.026342 0.000062 0.000015 0.026325
 0.000127 0.000008 0.026355 0.052642 0.000042 0.000086 0.026305 0.578360 0.131516 0.026394 0.000019 0.000040 0.026334 0.000040 0.078941 0.000049 0.000055 0.052636 0.000015 0.000038
 0.052701 0.000008 0.000069 0.000068 0.000042 0.000086 0.000018 0.052621 0.026368 0.078968 0.026306 0.078901 0.052621 0.052614 0.052654 0.000049 0.026342 0.499514 0.000015 0.000038
 0.000127 0.000008 0.026355 0.000068 0.000042 0.026373 0.525757 0.026334 0.026368 0.105254 0.000019 0.000040 0.026334 0.078901 0.052654 0.000049 0.000055 0.105210 0.000015 0.000038
 0.000127 0.000008 0.000069 0.000068 0.078902 0.000086 0.000018 0.078908 0.052655 0.000107 0.000019 0.000040 0.000047 0.657214 0.078941 0.026336 0.000055 0.000062 0.000015 0.026325
 0.026414 0.000008 0.052642 0.000068 0.000042 0.026373 0.000018 0.000047 0.052655 0.078968 0.000019 0.026327 0.000047 0.105188 0.578393 0.026336 0.000055 0.026349 0.000015 0.000038
 0.026414 0.000008 0.000069 0.000068 0.000042 0.000086 0.000018 0.000047 0.000081 0.762428 0.052593 0.000040 0.026334 0.026327 0.078941 0.000049 0.000055 0.026349 0.000015 0.000038
 0.026414 0.000008 0.026355 0.105215 0.604641 0.000086 0.078879 0.000047 0.052655 0.000107 0.000019 0.000040 0.026334 0.000040 0.000080 0.052623 0.026342 0.000062 0.000015 0.000038

MOTIF 64-LKEVSEZE STREME-64
letter-probability matrix: alength= 20 w= 8 nsites= 32 E= 5.7e-001
 0.000156 0.000010 0.000084 0.000083 0.193339 0.000105 0.064451 0.257775 0.000100 0.322278 0.064453 0.000049 0.000058 0.000049 0.000098 0.000060 0.000067 0.096720 0.000018 0.000046
 0.000156 0.000010 0.000084 0.257801 0.000051 0.000105 0.032237 0.000057 0.290032 0.000131 0.000023 0.032264 0.000058 0.257767 0.000098 0.128919 0.000067 0.000076 0.000018 0.000046
 0.032371 0.000010 0.000084 0.773236 0.000051 0.000105 0.000022 0.064487 0.000100 0.000131 0.000023 0.096694 0.000058 0.000049 0.000098 0.000060 0.032282 0.000076 0.000018 0.000046
 0.000156 0.000010 0.000084 0.000083 0.000051 0.000105 0.000022 0.000057 0.000100 0.257849 0.000023 0.000049 0.032272 0.000049 0.000098 0.193348 0.000067 0.515512 0.000018 0.000046
 0.000156 0.000010 0.000084 0.096727 0.000051 0.000105 0.000022 0.000057 0.128959 0.000131 0.000023 0.000049 0.000058 0.161123 0.000098 0.515495 0.096711 0.000076 0.000018 0.000046
 0.000156 0.000010 0.225587 0.418874 0.000051 0.000105 0.000022 0.096702 0.000100 0.225634 0.000023 0.000049 0.000058 0.000049 0.000098 0.000060 0.000067 0.032291 0.000018 0.000046
 0.000156 0.000010 0.032299 0.386660 0.000051 0.000105 0.000022 0.000057 0.128959 0.032346 0.000023 0.000049 0.000058 0.289982 0.000098 0.128919 0.000067 0.000076 0.000018 0.000046
 0.032371 0.032225 0.032299 0.773236 0.000051 0.000105 0.000022 0.032272 0.000100 0.000131 0.000023 0.032264 0.000058 0.064479 0.000098 0.000060 0.000067 0.000076 0.000018 0.000046

MOTIF 65-DWAKLGTS STREME-65
letter-probability matrix: alength= 20 w= 8 nsites= 27 E= 5.7e-001
 0.000202 0.000013 0.707213 0.000107 0.000066 0.000136 0.000028 0.000074 0.000129 0.000169 0.124813 0.000064 0.000074 0.000063 0.041721 0.000077 0.041681 0.083287 0.000023 0.000060
 0.249768 0.000013 0.000108 0.000107 0.166443 0.041730 0.000028 0.000074 0.000129 0.083358 0.000030 0.000064 0.000074 0.000063 0.000127 0.000077 0.041681 0.000098 0.415967 0.000060
 0.291362 0.000013 0.000108 0.000107 0.000066 0.083325 0.000028 0.000074 0.000129 0.124952 0.000030 0.041658 0.000074 0.000063 0.000127 0.000077 0.291247 0.166476 0.000023 0.000060
 0.000202 0.000013 0.000108 0.000107 0.041660 0.208108 0.000028 0.000074 0.582450 0.000169 0.000030 0.041658 0.000074 0.000063 0.000127 0.000077 0.083275 0.041692 0.000023 0.000060
 0.083391 0.041607 0.000108 0.000107 0.000066 0.000136 0.000028 0.000074 0.000129 0.707273 0.124813 0.041658 0.000074 0.000063 0.000127 0.000077 0.000087 0.000098 0.000023 0.000060
 0.000202 0.083202 0.000108 0.000107 0.000066 0.748835 0.000028 0.124857 0.000129 0.000169 0.000030 0.000064 0.041669 0.000063 0.000127 0.000077 0.000087 0.000098 0.000023 0.000060
 0.000202 0.000013 0.000108 0.000107 0.000066 0.000136 0.000028 0.041668 0.083318 0.000169 0.000030 0.000064 0.000074 0.000063 0.000127 0.000077 0.624003 0.249664 0.000023 0.000060
 0.124985 0.000013 0.124892 0.000107 0.000066 0.041730 0.000028 0.000074 0.000129 0.000169 0.083219 0.000064 0.000074 0.000063 0.041721 0.582398 0.000087 0.000098 0.000023 0.000060

MOTIF 66-AAFAAWAAF STREME-66
letter-probability matrix: alength= 20 w= 9 nsites= 14 E= 5.7e-001
 0.906097 0.000028 0.000236 0.000233 0.000143 0.000296 0.000062 0.000161 0.000280 0.090933 0.000066 0.000139 0.000162 0.000138 0.000276 0.000168 0.000189 0.000213 0.000050 0.000130
 0.724965 0.000028 0.000236 0.000233 0.000143 0.090861 0.000062 0.090727 0.000280 0.090933 0.000066 0.000139 0.000162 0.000138 0.000276 0.000168 0.000189 0.000213 0.000050 0.000130
 0.091005 0.000028 0.000236 0.000233 0.724669 0.000296 0.000062 0.000161 0.000280 0.000368 0.000066 0.000139 0.000162 0.000138 0.090842 0.000168 0.000189 0.000213 0.090616 0.000130
 0.815531 0.000028 0.000236 0.000233 0.000143 0.090861 0.000062 0.000161 0.000280 0.000368 0.000066 0.000139 0.000162 0.000138 0.000276 0.000168 0.000189 0.000213 0.090616 0.000130
 0.906097 0.000028 0.000236 0.000233 0.000143 0.000296 0.000062 0.000161 0.000280 0.090933 0.000066 0.000139 0.000162 0.000138 0.000276 0.000168 0.000189 0.000213 0.000050 0.000130
 0.272136 0.000028 0.000236 0.000233 0.000143 0.090861 0.000062 0.000161 0.000280 0.000368 0.000066 0.000139 0.000162 0.090704 0.000276 0.090733 0.000189 0.000213 0.452879 0.000130
 0.906097 0.000028 0.000236 0.000233 0.000143 0.000296 0.000062 0.000161 0.000280 0.090933 0.000066 0.000139 0.000162 0.000138 0.000276 0.000168 0.000189 0.000213 0.000050 0.000130
 0.996662 0.000028 0.000236 0.000233 0.000143 0.000296 0.000062 0.000161 0.000280 0.000368 0.000066 0.000139 0.000162 0.000138 0.000276 0.000168 0.000189 0.000213 0.000050 0.000130
 0.272136 0.000028 0.000236 0.000233 0.452972 0.000296 0.000062 0.000161 0.000280 0.000368 0.000066 0.000139 0.000162 0.000138 0.181407 0.000168 0.000189 0.000213 0.090616 0.000130

MOTIF 67-ALGTNV STREME-67
letter-probability matrix: alength= 20 w= 6 nsites= 25 E= 1.6e+000
 0.651204 0.043413 0.000113 0.000112 0.000069 0.043541 0.043429 0.000077 0.000134 0.043576 0.000031 0.000067 0.000077 0.000066 0.043532 0.000080 0.000090 0.043502 0.086823 0.000062
 0.000210 0.000014 0.043513 0.000112 0.043468 0.000142 0.000030 0.000077 0.000134 0.781368 0.000031 0.086866 0.000077 0.000066 0.043532 0.000080 0.000090 0.000102 0.000024 0.000062
 0.087010 0.000014 0.000113 0.000112 0.000069 0.694535 0.000030 0.043477 0.043534 0.000176 0.000031 0.000067 0.043477 0.000066 0.000132 0.000080 0.043490 0.043502 0.000024 0.000062
 0.043610 0.000014 0.043513 0.043511 0.043468 0.173740 0.000030 0.000077 0.043534 0.000176 0.000031 0.000067 0.000077 0.000066 0.000132 0.000080 0.564285 0.000102 0.043424 0.000062
 0.087010 0.000014 0.000113 0.043511 0.000069 0.000142 0.043429 0.000077 0.086933 0.000176 0.000031 0.694460 0.000077 0.000066 0.000132 0.043480 0.000090 0.000102 0.000024 0.000062
 0.043610 0.000014 0.000113 0.000112 0.000069 0.000142 0.043429 0.000077 0.000134 0.000176 0.000031 0.000067 0.000077 0.000066 0.000132 0.000080 0.043490 0.868094 0.000024 0.000062

MOTIF 68-GMASKA STREME-68
letter-probability matrix: alength= 20 w= 6 nsites= 34 E= 3.0e+000
 0.062570 0.000010 0.000081 0.000080 0.031259 0.780335 0.000021 0.000056 0.000097 0.062545 0.000023 0.031257 0.000056 0.000048 0.000095 0.000058 0.000065 0.031283 0.000017 0.000045
 0.093779 0.000010 0.000081 0.000080 0.031259 0.000102 0.000021 0.031265 0.000097 0.031336 0.655418 0.031257 0.000056 0.000048 0.000095 0.000058 0.000065 0.031283 0.062436 0.031254
 0.842803 0.000010 0.000081 0.000080 0.031259 0.000102 0.000021 0.031265 0.000097 0.093755 0.000023 0.000048 0.000056 0.000048 0.000095 0.000058 0.000065 0.000074 0.000017 0.000045
 0.187407 0.000010 0.000081 0.000080 0.000049 0.000102 0.000021 0.000056 0.031306 0.000127 0.000023 0.000048 0.000056 0.000048 0.000095 0.749082 0.031274 0.000074 0.000017 0.000045
 0.156198 0.000010 0.000081 0.000080 0.031259 0.249777 0.000021 0.000056 0.437027 0.093755 0.000023 0.000048 0.000056 0.000048 0.000095 0.000058 0.031274 0.000074 0.000017 0.000045
 0.780385 0.000010 0.000081 0.000080 0.031259 0.000102 0.000021 0.031265 0.000097 0.062545 0.000023 0.000048 0.000056 0.000048 0.000095 0.000058 0.031274 0.062492 0.000017 0.000045

MOTIF 69-GHGQHG STREME-69
letter-probability matrix: alength= 20 w= 6 nsites= 27 E= 6.3e+000
 0.000186 0.000012 0.000100 0.000099 0.000061 0.576125 0.000026 0.000068 0.000119 0.000156 0.000028 0.000059 0.000069 0.230458 0.000117 0.000071 0.192080 0.000091 0.000021 0.000055
 0.000186 0.000012 0.000100 0.000099 0.000061 0.000125 0.614425 0.000068 0.038519 0.000156 0.000028 0.076859 0.038468 0.038458 0.038517 0.000071 0.000080 0.000091 0.153621 0.000055
 0.000186 0.000012 0.000100 0.115299 0.000061 0.499325 0.000026 0.000068 0.038519 0.000156 0.000028 0.192059 0.000069 0.038458 0.000117 0.000071 0.000080 0.115290 0.000021 0.000055
 0.000186 0.000012 0.000100 0.000099 0.000061 0.000125 0.000026 0.000068 0.038519 0.000156 0.000028 0.000059 0.115268 0.537658 0.000117 0.000071 0.000080 0.307290 0.000021 0.000055
 0.000186 0.000012 0.000100 0.000099 0.000061 0.000125 0.499225 0.000068 0.000119 0.000156 0.000028 0.000059 0.000069 0.268858 0.000117 0.000071 0.230480 0.000091 0.000021 0.000055
 0.000186 0.000012 0.000100 0.000099 0.000061 0.883324 0.000026 0.000068 0.038519 0.000156 0.000028 0.000059 0.000069 0.000059 0.000117 0.000071 0.038480 0.000091 0.038421 0.000055

********************************************************************************
Stopped because 3 consecutive motifs exceeded the p-value threshold (0.01).
********************************************************************************
COMMAND:	streme --p /mnt/c/Users/mirei/Desktop/AMP-Comparative-Clustering-and-Motif-Analysis/results/clustering/AMP_MASTER_mmseq_rep_seq.fasta --n /mnt/c/Users/mirei/Desktop/AMP-Comparative-Clustering-and-Motif-Analysis/results/background_generation/nonamp_mmseq_10x_len_kr_matched_progressive_random.fasta --protein --minw 6 --maxw 20 --nmotifs 25 --pvt 0.01 --oc /mnt/c/Users/mirei/Desktop/AMP-Comparative-Clustering-and-Motif-Analysis/results/motif_discovery/streme_mmseq
********************************************************************************
CPU:		Mireia
********************************************************************************
FINALTIME:	72750.47 seconds
********************************************************************************
